1 0.2521
0 0.2512
0 0.2512
0 0.2512
0 0.2512
0 0.2512
1 0.2521
1 0.2521
0 0.2512
0 0.2512
1 0.2521
1 0.2521
0 0.2512
0 0.2512
1 0.2521
1 0.2521
1 0.2521
1 0.2521
0 0.2512
1 0.2521
1 0.2521
1 0.2521
0 0.2512
0 0.2512
1 0.2521
0 0.2512
1 0.2521
0 0.2512
1 0.2521
1 0.2521
1 0.2521
0 0.2512
0 0.2512
1 0.2521
0 0.2512
1 0.2521
1 0.2521
1 0.2521
1 0.2521
0 0.2512
0 0.2512
1 0.2521
1 0.2521
0 0.2512
0 0.2512
0 0.2512
0 0.2512
0 0.2512
0 0.2512
0 0.2512
1 0.2521
1 0.2521
1 0.2521
1 0.2521
1 0.2521
0 0.2512
0 0.2512
0 0.2512
0 0.2512
1 0.2521
0 0.2512
0 0.2512
0 0.2512
0 0.2512
1 0.2521
0 0.2512
0 0.2512
0 0.2512
0 0.2512
1 0.2521
0 0.2512
0 0.2512
1 0.2521
1 0.2521
0 0.2512
0 0.2512
0 0.2512
0 0.2512
0 0.2512
0 0.2512
1 0.2521
0 0.2512
0 0.2512
0 0.2512
0 0.2512
1 0.2521
0 0.2512
1 0.2521
1 0.2521
1 0.2521
0 0.2512
0 0.2512
1 0.2521
1 0.2521
1 0.2521
1 0.2521
1 0.2521
1 0.2521
1 0.2521
1 0.2521
