0 0.2534
1 0.2598
1 0.2598
0 0.2534
0 0.2534
0 0.2534
0 0.2534
0 0.2534
1 0.2598
1 0.2598
1 0.2598
1 0.2598
1 0.2598
0 0.2534
1 0.2598
1 0.2598
1 0.2598
1 0.2598
0 0.2534
1 0.2598
1 0.2598
0 0.2534
0 0.2534
0 0.2534
0 0.2534
1 0.2598
1 0.2598
1 0.2598
1 0.2598
1 0.2598
0 0.2534
1 0.2598
1 0.2598
1 0.2598
0 0.2534
0 0.2534
1 0.2598
0 0.2534
1 0.2598
0 0.2534
0 0.2534
1 0.2598
1 0.2598
1 0.2598
1 0.2598
0 0.2534
0 0.2534
1 0.2598
0 0.2534
1 0.2598
0 0.2534
1 0.2598
1 0.2598
1 0.2598
1 0.2598
0 0.2534
0 0.2534
1 0.2598
1 0.2598
1 0.2598
1 0.2598
1 0.2598
0 0.2534
1 0.2598
1 0.2598
1 0.2598
0 0.2534
1 0.2598
0 0.2534
0 0.2534
1 0.2598
1 0.2598
1 0.2598
1 0.2598
0 0.2534
1 0.2598
0 0.2534
0 0.2534
0 0.2534
0 0.2534
1 0.2598
1 0.2598
1 0.2598
0 0.2534
1 0.2598
1 0.2598
1 0.2598
0 0.2534
0 0.2534
1 0.2598
1 0.2598
1 0.2598
0 0.2534
0 0.2534
0 0.2534
0 0.2534
1 0.2598
0 0.2534
1 0.2598
0 0.2534
