1 0.2843
1 0.2843
0 0.2536
1 0.2843
0 0.2536
1 0.2843
0 0.2536
1 0.2843
0 0.2536
0 0.2536
0 0.2536
1 0.2843
1 0.2843
1 0.2843
1 0.2843
1 0.2843
0 0.2536
0 0.2536
1 0.2843
0 0.2536
0 0.2536
1 0.2843
1 0.2843
0 0.2536
0 0.2536
1 0.2843
0 0.2536
0 0.2536
1 0.2843
1 0.2843
0 0.2536
0 0.2536
1 0.2843
1 0.2843
1 0.2843
1 0.2843
1 0.2843
1 0.2843
1 0.2843
0 0.2536
0 0.2536
1 0.2843
0 0.2536
1 0.2843
1 0.2843
1 0.2843
0 0.2536
0 0.2536
1 0.2843
0 0.2536
1 0.2843
0 0.2536
1 0.2843
0 0.2536
1 0.2843
0 0.2536
0 0.2536
0 0.2536
1 0.2843
0 0.2536
0 0.2536
1 0.2843
0 0.2536
0 0.2536
1 0.2843
0 0.2536
0 0.2536
1 0.2843
1 0.2843
0 0.2536
1 0.2843
0 0.2536
0 0.2536
1 0.2843
1 0.2843
0 0.2536
1 0.2843
1 0.2843
1 0.2843
1 0.2843
0 0.2536
0 0.2536
0 0.2536
1 0.2843
0 0.2536
1 0.2843
1 0.2843
1 0.2843
1 0.2843
1 0.2843
1 0.2843
0 0.2536
1 0.2843
0 0.2536
1 0.2843
0 0.2536
1 0.2843
0 0.2536
0 0.2536
1 0.2843
