1 0.3094
1 0.3094
0 0.2500
0 0.2500
1 0.3094
1 0.3094
1 0.3094
1 0.3094
1 0.3094
1 0.3094
0 0.2500
1 0.3094
0 0.2500
0 0.2500
1 0.3094
1 0.3094
0 0.2500
0 0.2500
1 0.3094
1 0.3094
0 0.2500
0 0.2500
0 0.2500
0 0.2500
1 0.3094
1 0.3094
0 0.2500
0 0.2500
0 0.2500
0 0.2500
0 0.2500
0 0.2500
0 0.2500
1 0.3094
0 0.2500
1 0.3094
0 0.2500
0 0.2500
0 0.2500
0 0.2500
0 0.2500
0 0.2500
1 0.3094
0 0.2500
1 0.3094
1 0.3094
0 0.2500
1 0.3094
1 0.3094
0 0.2500
1 0.3094
1 0.3094
0 0.2500
1 0.3094
1 0.3094
0 0.2500
0 0.2500
0 0.2500
1 0.3094
0 0.2500
0 0.2500
1 0.3094
0 0.2500
0 0.2500
0 0.2500
0 0.2500
1 0.3094
0 0.2500
1 0.3094
0 0.2500
1 0.3094
1 0.3094
0 0.2500
0 0.2500
1 0.3094
0 0.2500
0 0.2500
0 0.2500
0 0.2500
0 0.2500
1 0.3094
1 0.3094
0 0.2500
0 0.2500
1 0.3094
0 0.2500
1 0.3094
1 0.3094
0 0.2500
0 0.2500
0 0.2500
0 0.2500
0 0.2500
1 0.3094
0 0.2500
1 0.3094
1 0.3094
1 0.3094
1 0.3094
1 0.3094
