1 0.2547
1 0.2547
0 0.2522
1 0.2547
0 0.2522
1 0.2547
1 0.2547
0 0.2522
1 0.2547
1 0.2547
0 0.2522
1 0.2547
1 0.2547
0 0.2522
1 0.2547
1 0.2547
0 0.2522
0 0.2522
1 0.2547
1 0.2547
1 0.2547
1 0.2547
1 0.2547
0 0.2522
0 0.2522
1 0.2547
0 0.2522
1 0.2547
0 0.2522
1 0.2547
0 0.2522
1 0.2547
0 0.2522
0 0.2522
1 0.2547
0 0.2522
0 0.2522
1 0.2547
1 0.2547
0 0.2522
1 0.2547
0 0.2522
1 0.2547
0 0.2522
0 0.2522
1 0.2547
0 0.2522
0 0.2522
1 0.2547
0 0.2522
0 0.2522
1 0.2547
0 0.2522
0 0.2522
1 0.2547
0 0.2522
0 0.2522
0 0.2522
0 0.2522
0 0.2522
0 0.2522
1 0.2547
0 0.2522
0 0.2522
1 0.2547
0 0.2522
1 0.2547
1 0.2547
0 0.2522
0 0.2522
1 0.2547
0 0.2522
1 0.2547
1 0.2547
1 0.2547
0 0.2522
0 0.2522
0 0.2522
0 0.2522
0 0.2522
1 0.2547
1 0.2547
0 0.2522
1 0.2547
0 0.2522
0 0.2522
1 0.2547
0 0.2522
1 0.2547
0 0.2522
1 0.2547
0 0.2522
0 0.2522
1 0.2547
1 0.2547
0 0.2522
1 0.2547
1 0.2547
0 0.2522
1 0.2547
