1 0.2689
0 0.2542
1 0.2689
0 0.2542
1 0.2689
0 0.2542
0 0.2542
0 0.2542
0 0.2542
1 0.2689
1 0.2689
1 0.2689
1 0.2689
1 0.2689
0 0.2542
1 0.2689
0 0.2542
1 0.2689
0 0.2542
0 0.2542
1 0.2689
0 0.2542
0 0.2542
0 0.2542
0 0.2542
0 0.2542
1 0.2689
1 0.2689
1 0.2689
0 0.2542
1 0.2689
1 0.2689
0 0.2542
0 0.2542
1 0.2689
1 0.2689
1 0.2689
1 0.2689
1 0.2689
0 0.2542
0 0.2542
1 0.2689
1 0.2689
1 0.2689
1 0.2689
1 0.2689
1 0.2689
0 0.2542
1 0.2689
1 0.2689
1 0.2689
0 0.2542
0 0.2542
1 0.2689
1 0.2689
1 0.2689
0 0.2542
1 0.2689
1 0.2689
1 0.2689
1 0.2689
1 0.2689
0 0.2542
1 0.2689
1 0.2689
1 0.2689
0 0.2542
1 0.2689
1 0.2689
1 0.2689
1 0.2689
1 0.2689
1 0.2689
0 0.2542
0 0.2542
0 0.2542
0 0.2542
0 0.2542
1 0.2689
1 0.2689
0 0.2542
0 0.2542
1 0.2689
1 0.2689
0 0.2542
1 0.2689
1 0.2689
1 0.2689
0 0.2542
1 0.2689
0 0.2542
0 0.2542
1 0.2689
0 0.2542
0 0.2542
1 0.2689
1 0.2689
1 0.2689
1 0.2689
0 0.2542
