1 0.2508
1 0.2508
1 0.2508
0 0.2506
0 0.2506
0 0.2506
1 0.2508
1 0.2508
1 0.2508
0 0.2506
0 0.2506
0 0.2506
0 0.2506
1 0.2508
1 0.2508
0 0.2506
0 0.2506
0 0.2506
1 0.2508
1 0.2508
0 0.2506
1 0.2508
1 0.2508
1 0.2508
0 0.2506
0 0.2506
0 0.2506
1 0.2508
1 0.2508
0 0.2506
1 0.2508
0 0.2506
0 0.2506
0 0.2506
1 0.2508
0 0.2506
1 0.2508
1 0.2508
1 0.2508
1 0.2508
0 0.2506
1 0.2508
0 0.2506
0 0.2506
1 0.2508
1 0.2508
1 0.2508
1 0.2508
0 0.2506
1 0.2508
0 0.2506
1 0.2508
0 0.2506
1 0.2508
1 0.2508
0 0.2506
0 0.2506
1 0.2508
1 0.2508
1 0.2508
0 0.2506
1 0.2508
0 0.2506
0 0.2506
0 0.2506
0 0.2506
1 0.2508
0 0.2506
0 0.2506
1 0.2508
0 0.2506
1 0.2508
1 0.2508
0 0.2506
0 0.2506
0 0.2506
1 0.2508
0 0.2506
0 0.2506
1 0.2508
1 0.2508
0 0.2506
0 0.2506
0 0.2506
1 0.2508
1 0.2508
1 0.2508
1 0.2508
0 0.2506
1 0.2508
0 0.2506
0 0.2506
1 0.2508
0 0.2506
1 0.2508
0 0.2506
0 0.2506
1 0.2508
0 0.2506
0 0.2506
