1 0.3846
1 0.3846
1 0.3846
0 0.2500
1 0.3846
1 0.3846
0 0.2500
0 0.2500
1 0.3846
0 0.2500
0 0.2500
0 0.2500
1 0.3846
0 0.2500
1 0.3846
1 0.3846
0 0.2500
1 0.3846
1 0.3846
1 0.3846
1 0.3846
1 0.3846
1 0.3846
1 0.3846
1 0.3846
0 0.2500
0 0.2500
0 0.2500
1 0.3846
1 0.3846
0 0.2500
1 0.3846
0 0.2500
0 0.2500
1 0.3846
0 0.2500
1 0.3846
0 0.2500
1 0.3846
1 0.3846
1 0.3846
0 0.2500
1 0.3846
0 0.2500
1 0.3846
0 0.2500
1 0.3846
1 0.3846
1 0.3846
0 0.2500
0 0.2500
0 0.2500
1 0.3846
1 0.3846
1 0.3846
0 0.2500
1 0.3846
0 0.2500
1 0.3846
0 0.2500
1 0.3846
1 0.3846
1 0.3846
1 0.3846
1 0.3846
0 0.2500
1 0.3846
0 0.2500
0 0.2500
1 0.3846
0 0.2500
0 0.2500
0 0.2500
0 0.2500
1 0.3846
0 0.2500
0 0.2500
0 0.2500
0 0.2500
0 0.2500
1 0.3846
0 0.2500
1 0.3846
0 0.2500
0 0.2500
0 0.2500
1 0.3846
0 0.2500
1 0.3846
0 0.2500
1 0.3846
1 0.3846
1 0.3846
1 0.3846
0 0.2500
0 0.2500
1 0.3846
1 0.3846
1 0.3846
0 0.2500
