1 0.2601
1 0.2601
0 0.2548
1 0.2601
1 0.2601
0 0.2548
0 0.2548
0 0.2548
0 0.2548
1 0.2601
1 0.2601
1 0.2601
0 0.2548
1 0.2601
1 0.2601
0 0.2548
0 0.2548
1 0.2601
1 0.2601
0 0.2548
0 0.2548
1 0.2601
1 0.2601
1 0.2601
0 0.2548
1 0.2601
0 0.2548
1 0.2601
1 0.2601
0 0.2548
0 0.2548
0 0.2548
1 0.2601
1 0.2601
0 0.2548
0 0.2548
0 0.2548
1 0.2601
0 0.2548
0 0.2548
0 0.2548
0 0.2548
1 0.2601
1 0.2601
0 0.2548
0 0.2548
1 0.2601
1 0.2601
1 0.2601
0 0.2548
1 0.2601
1 0.2601
0 0.2548
0 0.2548
0 0.2548
0 0.2548
1 0.2601
1 0.2601
1 0.2601
0 0.2548
1 0.2601
0 0.2548
0 0.2548
1 0.2601
0 0.2548
1 0.2601
1 0.2601
1 0.2601
1 0.2601
1 0.2601
0 0.2548
1 0.2601
1 0.2601
0 0.2548
0 0.2548
1 0.2601
0 0.2548
0 0.2548
1 0.2601
0 0.2548
0 0.2548
0 0.2548
1 0.2601
0 0.2548
0 0.2548
0 0.2548
1 0.2601
1 0.2601
1 0.2601
0 0.2548
0 0.2548
0 0.2548
0 0.2548
1 0.2601
0 0.2548
0 0.2548
1 0.2601
1 0.2601
1 0.2601
1 0.2601
