1 0.2501
1 0.2501
1 0.2501
1 0.2501
0 0.2501
0 0.2501
1 0.2501
1 0.2501
0 0.2501
1 0.2501
0 0.2501
0 0.2501
1 0.2501
1 0.2501
1 0.2501
0 0.2501
1 0.2501
1 0.2501
0 0.2501
1 0.2501
1 0.2501
1 0.2501
0 0.2501
0 0.2501
0 0.2501
1 0.2501
0 0.2501
1 0.2501
0 0.2501
0 0.2501
1 0.2501
1 0.2501
1 0.2501
1 0.2501
0 0.2501
0 0.2501
0 0.2501
1 0.2501
1 0.2501
0 0.2501
1 0.2501
0 0.2501
0 0.2501
1 0.2501
1 0.2501
0 0.2501
0 0.2501
1 0.2501
0 0.2501
1 0.2501
1 0.2501
0 0.2501
0 0.2501
1 0.2501
0 0.2501
0 0.2501
0 0.2501
0 0.2501
1 0.2501
0 0.2501
0 0.2501
1 0.2501
0 0.2501
1 0.2501
1 0.2501
0 0.2501
1 0.2501
1 0.2501
1 0.2501
1 0.2501
1 0.2501
1 0.2501
1 0.2501
1 0.2501
0 0.2501
1 0.2501
0 0.2501
0 0.2501
1 0.2501
0 0.2501
1 0.2501
1 0.2501
0 0.2501
1 0.2501
1 0.2501
1 0.2501
1 0.2501
0 0.2501
1 0.2501
0 0.2501
0 0.2501
1 0.2501
0 0.2501
1 0.2501
1 0.2501
1 0.2501
0 0.2501
0 0.2501
1 0.2501
0 0.2501
