0 0.2574
1 0.2713
1 0.2713
1 0.2713
1 0.2713
0 0.2574
1 0.2713
1 0.2713
1 0.2713
1 0.2713
0 0.2574
0 0.2574
0 0.2574
0 0.2574
1 0.2713
0 0.2574
1 0.2713
1 0.2713
0 0.2574
0 0.2574
0 0.2574
1 0.2713
0 0.2574
1 0.2713
0 0.2574
0 0.2574
0 0.2574
0 0.2574
0 0.2574
0 0.2574
1 0.2713
1 0.2713
0 0.2574
0 0.2574
1 0.2713
0 0.2574
0 0.2574
1 0.2713
1 0.2713
0 0.2574
1 0.2713
1 0.2713
1 0.2713
1 0.2713
1 0.2713
0 0.2574
1 0.2713
1 0.2713
1 0.2713
0 0.2574
1 0.2713
0 0.2574
0 0.2574
1 0.2713
1 0.2713
1 0.2713
1 0.2713
0 0.2574
1 0.2713
0 0.2574
0 0.2574
0 0.2574
1 0.2713
1 0.2713
1 0.2713
0 0.2574
1 0.2713
1 0.2713
0 0.2574
0 0.2574
0 0.2574
1 0.2713
1 0.2713
1 0.2713
1 0.2713
0 0.2574
1 0.2713
1 0.2713
1 0.2713
1 0.2713
1 0.2713
0 0.2574
0 0.2574
1 0.2713
1 0.2713
1 0.2713
1 0.2713
1 0.2713
0 0.2574
0 0.2574
1 0.2713
0 0.2574
1 0.2713
0 0.2574
0 0.2574
0 0.2574
0 0.2574
0 0.2574
0 0.2574
0 0.2574
