1 0.3270
1 0.3270
0 0.2584
0 0.2584
1 0.3270
1 0.3270
0 0.2584
0 0.2584
1 0.3270
1 0.3270
0 0.2584
1 0.3270
0 0.2584
0 0.2584
0 0.2584
1 0.3270
1 0.3270
0 0.2584
0 0.2584
1 0.3270
0 0.2584
0 0.2584
1 0.3270
1 0.3270
0 0.2584
1 0.3270
0 0.2584
0 0.2584
0 0.2584
0 0.2584
0 0.2584
1 0.3270
1 0.3270
0 0.2584
1 0.3270
0 0.2584
1 0.3270
0 0.2584
0 0.2584
1 0.3270
0 0.2584
1 0.3270
0 0.2584
1 0.3270
0 0.2584
0 0.2584
1 0.3270
1 0.3270
0 0.2584
0 0.2584
0 0.2584
0 0.2584
0 0.2584
1 0.3270
0 0.2584
1 0.3270
1 0.3270
0 0.2584
0 0.2584
0 0.2584
0 0.2584
1 0.3270
0 0.2584
0 0.2584
0 0.2584
1 0.3270
1 0.3270
1 0.3270
1 0.3270
1 0.3270
0 0.2584
0 0.2584
1 0.3270
0 0.2584
1 0.3270
1 0.3270
0 0.2584
0 0.2584
1 0.3270
1 0.3270
0 0.2584
1 0.3270
0 0.2584
1 0.3270
1 0.3270
1 0.3270
0 0.2584
1 0.3270
1 0.3270
1 0.3270
0 0.2584
0 0.2584
0 0.2584
1 0.3270
1 0.3270
1 0.3270
0 0.2584
1 0.3270
1 0.3270
1 0.3270
