0 0.2594
1 0.2917
0 0.2594
0 0.2594
0 0.2594
1 0.2917
0 0.2594
0 0.2594
1 0.2917
0 0.2594
0 0.2594
0 0.2594
1 0.2917
0 0.2594
0 0.2594
0 0.2594
1 0.2917
0 0.2594
0 0.2594
0 0.2594
1 0.2917
0 0.2594
1 0.2917
1 0.2917
1 0.2917
1 0.2917
0 0.2594
0 0.2594
1 0.2917
1 0.2917
1 0.2917
1 0.2917
1 0.2917
1 0.2917
1 0.2917
0 0.2594
0 0.2594
0 0.2594
1 0.2917
0 0.2594
1 0.2917
0 0.2594
1 0.2917
0 0.2594
1 0.2917
0 0.2594
1 0.2917
1 0.2917
1 0.2917
0 0.2594
0 0.2594
1 0.2917
0 0.2594
0 0.2594
1 0.2917
1 0.2917
1 0.2917
0 0.2594
1 0.2917
0 0.2594
0 0.2594
0 0.2594
0 0.2594
0 0.2594
1 0.2917
0 0.2594
0 0.2594
0 0.2594
1 0.2917
1 0.2917
1 0.2917
1 0.2917
1 0.2917
1 0.2917
1 0.2917
1 0.2917
1 0.2917
1 0.2917
0 0.2594
1 0.2917
1 0.2917
1 0.2917
0 0.2594
1 0.2917
0 0.2594
1 0.2917
1 0.2917
0 0.2594
0 0.2594
1 0.2917
1 0.2917
0 0.2594
0 0.2594
0 0.2594
1 0.2917
1 0.2917
1 0.2917
0 0.2594
0 0.2594
1 0.2917
