1 0.2505
1 0.2505
1 0.2505
1 0.2505
0 0.2504
1 0.2505
0 0.2504
1 0.2505
0 0.2504
1 0.2505
1 0.2505
1 0.2505
0 0.2504
1 0.2505
0 0.2504
0 0.2504
0 0.2504
1 0.2505
0 0.2504
0 0.2504
0 0.2504
1 0.2505
1 0.2505
1 0.2505
1 0.2505
1 0.2505
0 0.2504
0 0.2504
0 0.2504
1 0.2505
0 0.2504
1 0.2505
0 0.2504
1 0.2505
1 0.2505
1 0.2505
1 0.2505
0 0.2504
1 0.2505
1 0.2505
0 0.2504
0 0.2504
1 0.2505
0 0.2504
0 0.2504
0 0.2504
0 0.2504
1 0.2505
0 0.2504
0 0.2504
0 0.2504
1 0.2505
0 0.2504
0 0.2504
1 0.2505
1 0.2505
1 0.2505
1 0.2505
0 0.2504
0 0.2504
1 0.2505
1 0.2505
1 0.2505
1 0.2505
1 0.2505
1 0.2505
1 0.2505
1 0.2505
1 0.2505
1 0.2505
0 0.2504
1 0.2505
1 0.2505
1 0.2505
0 0.2504
0 0.2504
0 0.2504
0 0.2504
0 0.2504
0 0.2504
1 0.2505
1 0.2505
1 0.2505
0 0.2504
1 0.2505
1 0.2505
1 0.2505
1 0.2505
0 0.2504
0 0.2504
0 0.2504
1 0.2505
0 0.2504
1 0.2505
1 0.2505
0 0.2504
1 0.2505
0 0.2504
1 0.2505
0 0.2504
