0 0.2511
1 0.2516
0 0.2511
0 0.2511
1 0.2516
1 0.2516
1 0.2516
1 0.2516
0 0.2511
0 0.2511
1 0.2516
0 0.2511
1 0.2516
1 0.2516
0 0.2511
1 0.2516
1 0.2516
1 0.2516
0 0.2511
0 0.2511
1 0.2516
0 0.2511
1 0.2516
1 0.2516
0 0.2511
0 0.2511
0 0.2511
0 0.2511
1 0.2516
1 0.2516
0 0.2511
0 0.2511
0 0.2511
1 0.2516
1 0.2516
0 0.2511
0 0.2511
0 0.2511
0 0.2511
0 0.2511
0 0.2511
0 0.2511
0 0.2511
1 0.2516
0 0.2511
0 0.2511
0 0.2511
0 0.2511
1 0.2516
1 0.2516
1 0.2516
1 0.2516
1 0.2516
0 0.2511
1 0.2516
1 0.2516
0 0.2511
1 0.2516
0 0.2511
1 0.2516
0 0.2511
1 0.2516
1 0.2516
0 0.2511
1 0.2516
1 0.2516
1 0.2516
0 0.2511
1 0.2516
0 0.2511
1 0.2516
0 0.2511
1 0.2516
1 0.2516
1 0.2516
1 0.2516
1 0.2516
0 0.2511
1 0.2516
0 0.2511
1 0.2516
1 0.2516
1 0.2516
1 0.2516
0 0.2511
1 0.2516
1 0.2516
1 0.2516
1 0.2516
0 0.2511
0 0.2511
0 0.2511
1 0.2516
1 0.2516
1 0.2516
0 0.2511
0 0.2511
0 0.2511
1 0.2516
1 0.2516
