0 0.2526
1 0.2543
0 0.2526
1 0.2543
1 0.2543
1 0.2543
1 0.2543
0 0.2526
1 0.2543
0 0.2526
0 0.2526
0 0.2526
1 0.2543
0 0.2526
1 0.2543
1 0.2543
0 0.2526
0 0.2526
1 0.2543
0 0.2526
1 0.2543
0 0.2526
0 0.2526
0 0.2526
0 0.2526
1 0.2543
1 0.2543
1 0.2543
0 0.2526
1 0.2543
1 0.2543
1 0.2543
0 0.2526
0 0.2526
1 0.2543
0 0.2526
1 0.2543
1 0.2543
0 0.2526
1 0.2543
0 0.2526
0 0.2526
0 0.2526
1 0.2543
1 0.2543
1 0.2543
1 0.2543
0 0.2526
0 0.2526
1 0.2543
0 0.2526
0 0.2526
0 0.2526
0 0.2526
0 0.2526
1 0.2543
0 0.2526
0 0.2526
1 0.2543
1 0.2543
1 0.2543
0 0.2526
1 0.2543
1 0.2543
1 0.2543
1 0.2543
1 0.2543
0 0.2526
0 0.2526
1 0.2543
0 0.2526
1 0.2543
0 0.2526
1 0.2543
1 0.2543
0 0.2526
0 0.2526
1 0.2543
0 0.2526
1 0.2543
1 0.2543
1 0.2543
1 0.2543
1 0.2543
1 0.2543
1 0.2543
1 0.2543
0 0.2526
0 0.2526
1 0.2543
0 0.2526
1 0.2543
1 0.2543
1 0.2543
0 0.2526
0 0.2526
0 0.2526
0 0.2526
0 0.2526
1 0.2543
