1 0.2524
0 0.2518
1 0.2524
1 0.2524
0 0.2518
1 0.2524
1 0.2524
1 0.2524
1 0.2524
0 0.2518
0 0.2518
1 0.2524
0 0.2518
0 0.2518
1 0.2524
1 0.2524
0 0.2518
0 0.2518
1 0.2524
0 0.2518
0 0.2518
0 0.2518
0 0.2518
1 0.2524
0 0.2518
0 0.2518
0 0.2518
0 0.2518
1 0.2524
1 0.2524
0 0.2518
1 0.2524
0 0.2518
1 0.2524
1 0.2524
0 0.2518
1 0.2524
1 0.2524
1 0.2524
1 0.2524
1 0.2524
1 0.2524
0 0.2518
1 0.2524
1 0.2524
0 0.2518
0 0.2518
0 0.2518
1 0.2524
0 0.2518
1 0.2524
1 0.2524
1 0.2524
0 0.2518
1 0.2524
1 0.2524
0 0.2518
1 0.2524
0 0.2518
0 0.2518
1 0.2524
0 0.2518
1 0.2524
1 0.2524
0 0.2518
0 0.2518
1 0.2524
0 0.2518
1 0.2524
1 0.2524
1 0.2524
0 0.2518
1 0.2524
0 0.2518
0 0.2518
1 0.2524
1 0.2524
1 0.2524
0 0.2518
0 0.2518
0 0.2518
0 0.2518
0 0.2518
0 0.2518
0 0.2518
1 0.2524
1 0.2524
0 0.2518
0 0.2518
1 0.2524
1 0.2524
1 0.2524
0 0.2518
0 0.2518
1 0.2524
0 0.2518
0 0.2518
1 0.2524
0 0.2518
0 0.2518
