0 0.2540
0 0.2540
1 0.2567
0 0.2540
0 0.2540
0 0.2540
0 0.2540
0 0.2540
1 0.2567
1 0.2567
1 0.2567
0 0.2540
0 0.2540
1 0.2567
0 0.2540
1 0.2567
0 0.2540
1 0.2567
0 0.2540
0 0.2540
0 0.2540
1 0.2567
1 0.2567
1 0.2567
0 0.2540
1 0.2567
1 0.2567
1 0.2567
0 0.2540
0 0.2540
0 0.2540
1 0.2567
0 0.2540
0 0.2540
1 0.2567
1 0.2567
0 0.2540
0 0.2540
0 0.2540
0 0.2540
1 0.2567
1 0.2567
0 0.2540
1 0.2567
0 0.2540
1 0.2567
1 0.2567
0 0.2540
1 0.2567
1 0.2567
1 0.2567
0 0.2540
0 0.2540
1 0.2567
0 0.2540
0 0.2540
1 0.2567
1 0.2567
1 0.2567
0 0.2540
1 0.2567
1 0.2567
0 0.2540
0 0.2540
1 0.2567
1 0.2567
0 0.2540
0 0.2540
1 0.2567
0 0.2540
1 0.2567
1 0.2567
0 0.2540
0 0.2540
0 0.2540
0 0.2540
0 0.2540
0 0.2540
0 0.2540
0 0.2540
1 0.2567
0 0.2540
0 0.2540
1 0.2567
1 0.2567
1 0.2567
0 0.2540
1 0.2567
1 0.2567
0 0.2540
0 0.2540
1 0.2567
0 0.2540
0 0.2540
0 0.2540
1 0.2567
0 0.2540
0 0.2540
0 0.2540
0 0.2540
