0 0.2576
1 0.2660
0 0.2576
0 0.2576
1 0.2660
1 0.2660
0 0.2576
0 0.2576
1 0.2660
0 0.2576
0 0.2576
0 0.2576
0 0.2576
0 0.2576
1 0.2660
1 0.2660
0 0.2576
1 0.2660
0 0.2576
0 0.2576
0 0.2576
1 0.2660
0 0.2576
1 0.2660
0 0.2576
0 0.2576
1 0.2660
0 0.2576
1 0.2660
1 0.2660
0 0.2576
0 0.2576
1 0.2660
0 0.2576
1 0.2660
0 0.2576
0 0.2576
0 0.2576
0 0.2576
0 0.2576
0 0.2576
1 0.2660
1 0.2660
1 0.2660
1 0.2660
0 0.2576
0 0.2576
0 0.2576
0 0.2576
1 0.2660
0 0.2576
1 0.2660
1 0.2660
0 0.2576
1 0.2660
0 0.2576
1 0.2660
0 0.2576
1 0.2660
0 0.2576
0 0.2576
1 0.2660
0 0.2576
1 0.2660
1 0.2660
0 0.2576
1 0.2660
1 0.2660
1 0.2660
1 0.2660
1 0.2660
0 0.2576
1 0.2660
0 0.2576
1 0.2660
0 0.2576
1 0.2660
1 0.2660
1 0.2660
0 0.2576
1 0.2660
0 0.2576
0 0.2576
0 0.2576
0 0.2576
1 0.2660
0 0.2576
0 0.2576
1 0.2660
0 0.2576
0 0.2576
1 0.2660
0 0.2576
0 0.2576
0 0.2576
0 0.2576
0 0.2576
1 0.2660
0 0.2576
0 0.2576
