0 0.2620
0 0.2620
1 0.2844
0 0.2620
0 0.2620
1 0.2844
1 0.2844
0 0.2620
0 0.2620
0 0.2620
1 0.2844
0 0.2620
1 0.2844
1 0.2844
0 0.2620
1 0.2844
0 0.2620
0 0.2620
1 0.2844
0 0.2620
0 0.2620
0 0.2620
1 0.2844
0 0.2620
0 0.2620
1 0.2844
1 0.2844
0 0.2620
1 0.2844
1 0.2844
0 0.2620
1 0.2844
1 0.2844
0 0.2620
0 0.2620
1 0.2844
0 0.2620
1 0.2844
0 0.2620
0 0.2620
0 0.2620
0 0.2620
0 0.2620
1 0.2844
0 0.2620
1 0.2844
0 0.2620
1 0.2844
0 0.2620
1 0.2844
0 0.2620
0 0.2620
0 0.2620
0 0.2620
0 0.2620
1 0.2844
1 0.2844
0 0.2620
0 0.2620
1 0.2844
1 0.2844
0 0.2620
0 0.2620
1 0.2844
0 0.2620
1 0.2844
1 0.2844
0 0.2620
0 0.2620
1 0.2844
0 0.2620
0 0.2620
0 0.2620
1 0.2844
1 0.2844
1 0.2844
0 0.2620
0 0.2620
1 0.2844
0 0.2620
1 0.2844
1 0.2844
0 0.2620
0 0.2620
1 0.2844
0 0.2620
0 0.2620
1 0.2844
1 0.2844
0 0.2620
1 0.2844
1 0.2844
0 0.2620
0 0.2620
1 0.2844
1 0.2844
1 0.2844
1 0.2844
1 0.2844
0 0.2620
