0 0.2646
1 0.3763
0 0.2646
0 0.2646
0 0.2646
0 0.2646
1 0.3763
1 0.3763
1 0.3763
1 0.3763
0 0.2646
1 0.3763
1 0.3763
0 0.2646
1 0.3763
0 0.2646
0 0.2646
1 0.3763
0 0.2646
0 0.2646
1 0.3763
1 0.3763
0 0.2646
1 0.3763
1 0.3763
0 0.2646
1 0.3763
1 0.3763
1 0.3763
1 0.3763
1 0.3763
1 0.3763
0 0.2646
1 0.3763
0 0.2646
1 0.3763
0 0.2646
1 0.3763
1 0.3763
1 0.3763
0 0.2646
1 0.3763
1 0.3763
1 0.3763
0 0.2646
0 0.2646
0 0.2646
0 0.2646
0 0.2646
1 0.3763
1 0.3763
1 0.3763
1 0.3763
1 0.3763
1 0.3763
1 0.3763
1 0.3763
1 0.3763
1 0.3763
0 0.2646
1 0.3763
1 0.3763
1 0.3763
1 0.3763
1 0.3763
0 0.2646
0 0.2646
1 0.3763
0 0.2646
0 0.2646
0 0.2646
1 0.3763
1 0.3763
1 0.3763
1 0.3763
0 0.2646
1 0.3763
0 0.2646
0 0.2646
0 0.2646
1 0.3763
0 0.2646
1 0.3763
0 0.2646
0 0.2646
0 0.2646
1 0.3763
1 0.3763
1 0.3763
0 0.2646
0 0.2646
1 0.3763
0 0.2646
0 0.2646
1 0.3763
1 0.3763
1 0.3763
1 0.3763
0 0.2646
1 0.3763
