1 0.2507
1 0.2507
1 0.2507
1 0.2507
1 0.2507
1 0.2507
0 0.2506
1 0.2507
1 0.2507
1 0.2507
0 0.2506
0 0.2506
1 0.2507
0 0.2506
1 0.2507
0 0.2506
1 0.2507
0 0.2506
0 0.2506
1 0.2507
0 0.2506
1 0.2507
1 0.2507
0 0.2506
0 0.2506
1 0.2507
0 0.2506
0 0.2506
1 0.2507
0 0.2506
1 0.2507
1 0.2507
0 0.2506
1 0.2507
1 0.2507
0 0.2506
1 0.2507
0 0.2506
1 0.2507
1 0.2507
0 0.2506
1 0.2507
0 0.2506
0 0.2506
1 0.2507
0 0.2506
1 0.2507
0 0.2506
0 0.2506
1 0.2507
0 0.2506
0 0.2506
1 0.2507
0 0.2506
0 0.2506
1 0.2507
1 0.2507
0 0.2506
0 0.2506
0 0.2506
0 0.2506
0 0.2506
0 0.2506
0 0.2506
0 0.2506
0 0.2506
1 0.2507
1 0.2507
1 0.2507
1 0.2507
1 0.2507
1 0.2507
0 0.2506
0 0.2506
0 0.2506
0 0.2506
0 0.2506
1 0.2507
1 0.2507
0 0.2506
1 0.2507
1 0.2507
1 0.2507
1 0.2507
1 0.2507
0 0.2506
1 0.2507
0 0.2506
0 0.2506
1 0.2507
1 0.2507
0 0.2506
0 0.2506
0 0.2506
1 0.2507
1 0.2507
1 0.2507
0 0.2506
0 0.2506
0 0.2506
