0 0.2657
0 0.2657
0 0.2657
0 0.2657
1 0.3181
0 0.2657
0 0.2657
1 0.3181
1 0.3181
1 0.3181
0 0.2657
0 0.2657
0 0.2657
1 0.3181
0 0.2657
1 0.3181
0 0.2657
1 0.3181
1 0.3181
1 0.3181
0 0.2657
1 0.3181
0 0.2657
1 0.3181
1 0.3181
1 0.3181
0 0.2657
0 0.2657
0 0.2657
1 0.3181
1 0.3181
1 0.3181
1 0.3181
1 0.3181
0 0.2657
1 0.3181
0 0.2657
1 0.3181
0 0.2657
0 0.2657
0 0.2657
0 0.2657
0 0.2657
0 0.2657
1 0.3181
1 0.3181
0 0.2657
1 0.3181
1 0.3181
0 0.2657
1 0.3181
1 0.3181
0 0.2657
0 0.2657
0 0.2657
1 0.3181
0 0.2657
1 0.3181
1 0.3181
0 0.2657
0 0.2657
0 0.2657
0 0.2657
0 0.2657
1 0.3181
1 0.3181
1 0.3181
0 0.2657
1 0.3181
0 0.2657
1 0.3181
1 0.3181
1 0.3181
1 0.3181
1 0.3181
1 0.3181
0 0.2657
0 0.2657
0 0.2657
1 0.3181
1 0.3181
1 0.3181
1 0.3181
0 0.2657
0 0.2657
0 0.2657
0 0.2657
0 0.2657
1 0.3181
1 0.3181
1 0.3181
0 0.2657
0 0.2657
1 0.3181
0 0.2657
1 0.3181
0 0.2657
1 0.3181
0 0.2657
0 0.2657
