0 0.2508
1 0.2509
0 0.2508
0 0.2508
1 0.2509
0 0.2508
1 0.2509
0 0.2508
1 0.2509
0 0.2508
0 0.2508
1 0.2509
0 0.2508
0 0.2508
1 0.2509
0 0.2508
0 0.2508
1 0.2509
1 0.2509
0 0.2508
0 0.2508
1 0.2509
0 0.2508
1 0.2509
0 0.2508
1 0.2509
1 0.2509
1 0.2509
0 0.2508
0 0.2508
0 0.2508
0 0.2508
0 0.2508
0 0.2508
0 0.2508
0 0.2508
1 0.2509
0 0.2508
1 0.2509
0 0.2508
1 0.2509
0 0.2508
1 0.2509
1 0.2509
0 0.2508
1 0.2509
1 0.2509
1 0.2509
1 0.2509
1 0.2509
1 0.2509
0 0.2508
1 0.2509
0 0.2508
0 0.2508
1 0.2509
1 0.2509
1 0.2509
1 0.2509
0 0.2508
1 0.2509
0 0.2508
0 0.2508
1 0.2509
1 0.2509
0 0.2508
1 0.2509
0 0.2508
0 0.2508
0 0.2508
0 0.2508
0 0.2508
1 0.2509
0 0.2508
0 0.2508
1 0.2509
1 0.2509
1 0.2509
1 0.2509
1 0.2509
0 0.2508
1 0.2509
0 0.2508
1 0.2509
1 0.2509
0 0.2508
0 0.2508
1 0.2509
1 0.2509
1 0.2509
1 0.2509
0 0.2508
1 0.2509
0 0.2508
1 0.2509
0 0.2508
0 0.2508
1 0.2509
0 0.2508
1 0.2509
