0 0.2524
1 0.2533
1 0.2533
0 0.2524
1 0.2533
1 0.2533
0 0.2524
1 0.2533
1 0.2533
0 0.2524
1 0.2533
1 0.2533
0 0.2524
0 0.2524
1 0.2533
1 0.2533
1 0.2533
0 0.2524
0 0.2524
1 0.2533
1 0.2533
0 0.2524
0 0.2524
1 0.2533
0 0.2524
1 0.2533
0 0.2524
1 0.2533
0 0.2524
0 0.2524
0 0.2524
1 0.2533
1 0.2533
1 0.2533
1 0.2533
0 0.2524
0 0.2524
0 0.2524
1 0.2533
0 0.2524
0 0.2524
0 0.2524
0 0.2524
1 0.2533
1 0.2533
1 0.2533
0 0.2524
1 0.2533
1 0.2533
0 0.2524
0 0.2524
1 0.2533
0 0.2524
1 0.2533
1 0.2533
0 0.2524
1 0.2533
1 0.2533
0 0.2524
1 0.2533
1 0.2533
0 0.2524
0 0.2524
0 0.2524
0 0.2524
0 0.2524
0 0.2524
0 0.2524
0 0.2524
1 0.2533
1 0.2533
0 0.2524
1 0.2533
0 0.2524
0 0.2524
0 0.2524
0 0.2524
1 0.2533
0 0.2524
0 0.2524
0 0.2524
0 0.2524
1 0.2533
1 0.2533
1 0.2533
1 0.2533
0 0.2524
1 0.2533
0 0.2524
1 0.2533
0 0.2524
0 0.2524
1 0.2533
1 0.2533
0 0.2524
1 0.2533
1 0.2533
1 0.2533
0 0.2524
1 0.2533
