1 0.2725
1 0.2725
0 0.2608
0 0.2608
0 0.2608
0 0.2608
0 0.2608
0 0.2608
0 0.2608
0 0.2608
0 0.2608
1 0.2725
1 0.2725
0 0.2608
0 0.2608
1 0.2725
1 0.2725
1 0.2725
0 0.2608
1 0.2725
0 0.2608
0 0.2608
1 0.2725
0 0.2608
1 0.2725
1 0.2725
0 0.2608
0 0.2608
0 0.2608
0 0.2608
1 0.2725
0 0.2608
0 0.2608
1 0.2725
1 0.2725
0 0.2608
1 0.2725
1 0.2725
1 0.2725
0 0.2608
0 0.2608
1 0.2725
1 0.2725
0 0.2608
0 0.2608
0 0.2608
1 0.2725
0 0.2608
1 0.2725
0 0.2608
1 0.2725
1 0.2725
0 0.2608
1 0.2725
1 0.2725
0 0.2608
1 0.2725
0 0.2608
0 0.2608
1 0.2725
0 0.2608
1 0.2725
1 0.2725
1 0.2725
1 0.2725
0 0.2608
1 0.2725
0 0.2608
0 0.2608
1 0.2725
0 0.2608
1 0.2725
1 0.2725
1 0.2725
0 0.2608
0 0.2608
0 0.2608
1 0.2725
0 0.2608
0 0.2608
0 0.2608
0 0.2608
0 0.2608
1 0.2725
0 0.2608
0 0.2608
0 0.2608
1 0.2725
1 0.2725
1 0.2725
0 0.2608
1 0.2725
1 0.2725
0 0.2608
0 0.2608
1 0.2725
0 0.2608
0 0.2608
1 0.2725
0 0.2608
