0 0.2725
0 0.2725
0 0.2725
1 0.4304
0 0.2725
1 0.4304
1 0.4304
1 0.4304
1 0.4304
1 0.4304
1 0.4304
0 0.2725
0 0.2725
1 0.4304
1 0.4304
0 0.2725
1 0.4304
0 0.2725
1 0.4304
0 0.2725
1 0.4304
0 0.2725
0 0.2725
0 0.2725
1 0.4304
1 0.4304
0 0.2725
1 0.4304
0 0.2725
1 0.4304
0 0.2725
0 0.2725
1 0.4304
1 0.4304
0 0.2725
0 0.2725
1 0.4304
0 0.2725
0 0.2725
1 0.4304
0 0.2725
0 0.2725
1 0.4304
1 0.4304
0 0.2725
0 0.2725
0 0.2725
1 0.4304
1 0.4304
1 0.4304
1 0.4304
1 0.4304
1 0.4304
1 0.4304
1 0.4304
1 0.4304
0 0.2725
0 0.2725
0 0.2725
1 0.4304
1 0.4304
1 0.4304
1 0.4304
0 0.2725
0 0.2725
1 0.4304
1 0.4304
1 0.4304
1 0.4304
0 0.2725
0 0.2725
1 0.4304
1 0.4304
1 0.4304
1 0.4304
1 0.4304
1 0.4304
1 0.4304
0 0.2725
1 0.4304
1 0.4304
0 0.2725
0 0.2725
1 0.4304
0 0.2725
1 0.4304
0 0.2725
1 0.4304
0 0.2725
1 0.4304
0 0.2725
1 0.4304
1 0.4304
1 0.4304
0 0.2725
0 0.2725
0 0.2725
1 0.4304
0 0.2725
1 0.4304
