1 0.2594
1 0.2594
0 0.2556
1 0.2594
1 0.2594
0 0.2556
0 0.2556
0 0.2556
1 0.2594
0 0.2556
1 0.2594
0 0.2556
1 0.2594
1 0.2594
1 0.2594
0 0.2556
0 0.2556
1 0.2594
0 0.2556
1 0.2594
1 0.2594
0 0.2556
0 0.2556
0 0.2556
0 0.2556
1 0.2594
1 0.2594
1 0.2594
0 0.2556
0 0.2556
0 0.2556
0 0.2556
1 0.2594
1 0.2594
1 0.2594
1 0.2594
0 0.2556
1 0.2594
0 0.2556
0 0.2556
0 0.2556
1 0.2594
1 0.2594
1 0.2594
1 0.2594
1 0.2594
1 0.2594
1 0.2594
1 0.2594
0 0.2556
0 0.2556
0 0.2556
1 0.2594
1 0.2594
1 0.2594
0 0.2556
1 0.2594
1 0.2594
0 0.2556
0 0.2556
0 0.2556
1 0.2594
1 0.2594
1 0.2594
1 0.2594
1 0.2594
0 0.2556
1 0.2594
1 0.2594
1 0.2594
0 0.2556
0 0.2556
1 0.2594
0 0.2556
1 0.2594
0 0.2556
1 0.2594
1 0.2594
0 0.2556
1 0.2594
0 0.2556
0 0.2556
0 0.2556
1 0.2594
0 0.2556
1 0.2594
0 0.2556
0 0.2556
0 0.2556
1 0.2594
1 0.2594
1 0.2594
1 0.2594
1 0.2594
0 0.2556
0 0.2556
1 0.2594
1 0.2594
0 0.2556
0 0.2556
