0 0.2674
1 0.2989
0 0.2674
0 0.2674
0 0.2674
1 0.2989
1 0.2989
1 0.2989
1 0.2989
1 0.2989
0 0.2674
1 0.2989
0 0.2674
0 0.2674
1 0.2989
1 0.2989
1 0.2989
1 0.2989
0 0.2674
0 0.2674
1 0.2989
0 0.2674
1 0.2989
0 0.2674
0 0.2674
0 0.2674
0 0.2674
0 0.2674
1 0.2989
1 0.2989
0 0.2674
0 0.2674
0 0.2674
1 0.2989
1 0.2989
0 0.2674
0 0.2674
0 0.2674
0 0.2674
1 0.2989
0 0.2674
0 0.2674
0 0.2674
1 0.2989
0 0.2674
0 0.2674
1 0.2989
0 0.2674
0 0.2674
0 0.2674
0 0.2674
0 0.2674
1 0.2989
1 0.2989
0 0.2674
1 0.2989
0 0.2674
1 0.2989
0 0.2674
1 0.2989
1 0.2989
0 0.2674
0 0.2674
1 0.2989
0 0.2674
0 0.2674
0 0.2674
0 0.2674
0 0.2674
0 0.2674
0 0.2674
0 0.2674
1 0.2989
0 0.2674
0 0.2674
0 0.2674
1 0.2989
1 0.2989
0 0.2674
0 0.2674
0 0.2674
1 0.2989
1 0.2989
1 0.2989
0 0.2674
1 0.2989
0 0.2674
0 0.2674
0 0.2674
1 0.2989
0 0.2674
1 0.2989
0 0.2674
1 0.2989
0 0.2674
0 0.2674
0 0.2674
1 0.2989
0 0.2674
1 0.2989
