1 0.3475
1 0.3475
0 0.2733
0 0.2733
0 0.2733
0 0.2733
0 0.2733
0 0.2733
1 0.3475
0 0.2733
1 0.3475
1 0.3475
1 0.3475
0 0.2733
0 0.2733
0 0.2733
1 0.3475
0 0.2733
0 0.2733
0 0.2733
1 0.3475
0 0.2733
0 0.2733
1 0.3475
1 0.3475
0 0.2733
1 0.3475
0 0.2733
0 0.2733
1 0.3475
1 0.3475
0 0.2733
0 0.2733
0 0.2733
1 0.3475
1 0.3475
1 0.3475
1 0.3475
0 0.2733
1 0.3475
1 0.3475
0 0.2733
1 0.3475
1 0.3475
0 0.2733
0 0.2733
1 0.3475
0 0.2733
1 0.3475
1 0.3475
0 0.2733
0 0.2733
0 0.2733
1 0.3475
1 0.3475
0 0.2733
0 0.2733
1 0.3475
1 0.3475
1 0.3475
1 0.3475
1 0.3475
0 0.2733
1 0.3475
0 0.2733
1 0.3475
1 0.3475
1 0.3475
1 0.3475
0 0.2733
1 0.3475
1 0.3475
1 0.3475
0 0.2733
1 0.3475
1 0.3475
1 0.3475
0 0.2733
1 0.3475
1 0.3475
0 0.2733
1 0.3475
1 0.3475
1 0.3475
1 0.3475
1 0.3475
1 0.3475
1 0.3475
1 0.3475
1 0.3475
1 0.3475
1 0.3475
0 0.2733
0 0.2733
0 0.2733
1 0.3475
1 0.3475
0 0.2733
1 0.3475
0 0.2733
