0 0.2643
0 0.2643
0 0.2643
0 0.2643
1 0.2796
0 0.2643
0 0.2643
0 0.2643
0 0.2643
1 0.2796
1 0.2796
1 0.2796
0 0.2643
0 0.2643
1 0.2796
0 0.2643
1 0.2796
0 0.2643
0 0.2643
1 0.2796
0 0.2643
0 0.2643
1 0.2796
1 0.2796
0 0.2643
1 0.2796
1 0.2796
1 0.2796
0 0.2643
1 0.2796
1 0.2796
0 0.2643
1 0.2796
1 0.2796
1 0.2796
1 0.2796
1 0.2796
1 0.2796
1 0.2796
1 0.2796
1 0.2796
1 0.2796
1 0.2796
1 0.2796
1 0.2796
0 0.2643
0 0.2643
0 0.2643
0 0.2643
1 0.2796
0 0.2643
0 0.2643
0 0.2643
0 0.2643
1 0.2796
0 0.2643
0 0.2643
1 0.2796
1 0.2796
0 0.2643
0 0.2643
1 0.2796
0 0.2643
1 0.2796
0 0.2643
1 0.2796
0 0.2643
1 0.2796
1 0.2796
0 0.2643
1 0.2796
0 0.2643
1 0.2796
1 0.2796
1 0.2796
0 0.2643
1 0.2796
0 0.2643
1 0.2796
1 0.2796
0 0.2643
1 0.2796
1 0.2796
0 0.2643
0 0.2643
0 0.2643
1 0.2796
1 0.2796
0 0.2643
0 0.2643
1 0.2796
1 0.2796
1 0.2796
1 0.2796
0 0.2643
0 0.2643
1 0.2796
0 0.2643
1 0.2796
1 0.2796
