1 0.2502
1 0.2502
1 0.2502
1 0.2502
1 0.2502
0 0.2502
1 0.2502
0 0.2502
1 0.2502
1 0.2502
0 0.2502
0 0.2502
0 0.2502
1 0.2502
0 0.2502
0 0.2502
1 0.2502
0 0.2502
1 0.2502
0 0.2502
0 0.2502
1 0.2502
1 0.2502
1 0.2502
0 0.2502
0 0.2502
1 0.2502
0 0.2502
0 0.2502
1 0.2502
0 0.2502
1 0.2502
0 0.2502
1 0.2502
0 0.2502
0 0.2502
0 0.2502
1 0.2502
1 0.2502
0 0.2502
0 0.2502
0 0.2502
0 0.2502
0 0.2502
1 0.2502
1 0.2502
1 0.2502
0 0.2502
1 0.2502
1 0.2502
1 0.2502
0 0.2502
0 0.2502
0 0.2502
0 0.2502
1 0.2502
0 0.2502
1 0.2502
1 0.2502
1 0.2502
1 0.2502
1 0.2502
1 0.2502
0 0.2502
1 0.2502
0 0.2502
0 0.2502
1 0.2502
0 0.2502
1 0.2502
0 0.2502
0 0.2502
1 0.2502
0 0.2502
1 0.2502
1 0.2502
1 0.2502
1 0.2502
0 0.2502
0 0.2502
0 0.2502
0 0.2502
1 0.2502
0 0.2502
1 0.2502
1 0.2502
1 0.2502
0 0.2502
0 0.2502
0 0.2502
1 0.2502
0 0.2502
1 0.2502
1 0.2502
1 0.2502
1 0.2502
1 0.2502
1 0.2502
0 0.2502
0 0.2502
