1 0.4872
0 0.2825
1 0.4872
1 0.4872
0 0.2825
1 0.4872
0 0.2825
1 0.4872
0 0.2825
0 0.2825
1 0.4872
1 0.4872
1 0.4872
1 0.4872
1 0.4872
1 0.4872
0 0.2825
1 0.4872
0 0.2825
0 0.2825
0 0.2825
1 0.4872
1 0.4872
1 0.4872
0 0.2825
1 0.4872
1 0.4872
0 0.2825
0 0.2825
0 0.2825
0 0.2825
0 0.2825
1 0.4872
0 0.2825
1 0.4872
1 0.4872
1 0.4872
1 0.4872
0 0.2825
0 0.2825
0 0.2825
0 0.2825
1 0.4872
1 0.4872
0 0.2825
1 0.4872
0 0.2825
0 0.2825
0 0.2825
0 0.2825
1 0.4872
0 0.2825
0 0.2825
0 0.2825
0 0.2825
1 0.4872
1 0.4872
0 0.2825
1 0.4872
1 0.4872
0 0.2825
1 0.4872
0 0.2825
1 0.4872
0 0.2825
1 0.4872
1 0.4872
1 0.4872
1 0.4872
1 0.4872
1 0.4872
0 0.2825
0 0.2825
1 0.4872
1 0.4872
1 0.4872
1 0.4872
1 0.4872
1 0.4872
0 0.2825
0 0.2825
0 0.2825
1 0.4872
1 0.4872
0 0.2825
0 0.2825
1 0.4872
0 0.2825
0 0.2825
0 0.2825
1 0.4872
1 0.4872
1 0.4872
1 0.4872
1 0.4872
1 0.4872
0 0.2825
0 0.2825
0 0.2825
1 0.4872
