0 0.2574
1 0.2622
0 0.2574
1 0.2622
1 0.2622
1 0.2622
0 0.2574
0 0.2574
0 0.2574
0 0.2574
0 0.2574
1 0.2622
1 0.2622
1 0.2622
0 0.2574
1 0.2622
0 0.2574
1 0.2622
1 0.2622
0 0.2574
0 0.2574
1 0.2622
0 0.2574
0 0.2574
1 0.2622
0 0.2574
0 0.2574
1 0.2622
1 0.2622
0 0.2574
0 0.2574
0 0.2574
0 0.2574
0 0.2574
0 0.2574
0 0.2574
1 0.2622
1 0.2622
0 0.2574
1 0.2622
1 0.2622
1 0.2622
1 0.2622
0 0.2574
0 0.2574
0 0.2574
1 0.2622
0 0.2574
1 0.2622
1 0.2622
0 0.2574
0 0.2574
0 0.2574
0 0.2574
0 0.2574
0 0.2574
0 0.2574
1 0.2622
1 0.2622
1 0.2622
1 0.2622
1 0.2622
0 0.2574
1 0.2622
1 0.2622
1 0.2622
1 0.2622
1 0.2622
1 0.2622
0 0.2574
1 0.2622
1 0.2622
1 0.2622
0 0.2574
1 0.2622
0 0.2574
0 0.2574
0 0.2574
1 0.2622
0 0.2574
1 0.2622
1 0.2622
0 0.2574
0 0.2574
1 0.2622
0 0.2574
0 0.2574
0 0.2574
1 0.2622
0 0.2574
1 0.2622
0 0.2574
1 0.2622
0 0.2574
0 0.2574
0 0.2574
0 0.2574
0 0.2574
1 0.2622
1 0.2622
