0 0.2531
0 0.2531
0 0.2531
1 0.2543
1 0.2543
0 0.2531
0 0.2531
0 0.2531
1 0.2543
1 0.2543
1 0.2543
1 0.2543
0 0.2531
0 0.2531
1 0.2543
0 0.2531
0 0.2531
1 0.2543
0 0.2531
0 0.2531
0 0.2531
1 0.2543
0 0.2531
1 0.2543
1 0.2543
0 0.2531
0 0.2531
0 0.2531
0 0.2531
1 0.2543
0 0.2531
1 0.2543
0 0.2531
0 0.2531
1 0.2543
0 0.2531
0 0.2531
0 0.2531
1 0.2543
1 0.2543
1 0.2543
1 0.2543
1 0.2543
0 0.2531
1 0.2543
1 0.2543
0 0.2531
0 0.2531
0 0.2531
1 0.2543
0 0.2531
1 0.2543
0 0.2531
0 0.2531
0 0.2531
1 0.2543
1 0.2543
0 0.2531
0 0.2531
1 0.2543
0 0.2531
1 0.2543
1 0.2543
0 0.2531
1 0.2543
1 0.2543
0 0.2531
0 0.2531
1 0.2543
1 0.2543
0 0.2531
1 0.2543
0 0.2531
1 0.2543
0 0.2531
0 0.2531
1 0.2543
0 0.2531
0 0.2531
0 0.2531
0 0.2531
0 0.2531
0 0.2531
0 0.2531
0 0.2531
1 0.2543
0 0.2531
0 0.2531
1 0.2543
0 0.2531
1 0.2543
0 0.2531
1 0.2543
1 0.2543
1 0.2543
1 0.2543
0 0.2531
1 0.2543
0 0.2531
0 0.2531
