1 0.3792
0 0.2823
0 0.2823
1 0.3792
1 0.3792
0 0.2823
1 0.3792
0 0.2823
1 0.3792
1 0.3792
1 0.3792
1 0.3792
1 0.3792
1 0.3792
0 0.2823
1 0.3792
0 0.2823
1 0.3792
1 0.3792
0 0.2823
1 0.3792
0 0.2823
1 0.3792
1 0.3792
1 0.3792
0 0.2823
1 0.3792
1 0.3792
1 0.3792
1 0.3792
1 0.3792
0 0.2823
1 0.3792
0 0.2823
1 0.3792
1 0.3792
1 0.3792
1 0.3792
0 0.2823
1 0.3792
1 0.3792
0 0.2823
1 0.3792
1 0.3792
1 0.3792
1 0.3792
1 0.3792
0 0.2823
0 0.2823
1 0.3792
0 0.2823
1 0.3792
0 0.2823
0 0.2823
0 0.2823
0 0.2823
0 0.2823
1 0.3792
1 0.3792
1 0.3792
1 0.3792
1 0.3792
0 0.2823
0 0.2823
1 0.3792
0 0.2823
1 0.3792
0 0.2823
0 0.2823
1 0.3792
0 0.2823
0 0.2823
1 0.3792
0 0.2823
0 0.2823
0 0.2823
0 0.2823
1 0.3792
0 0.2823
1 0.3792
0 0.2823
1 0.3792
0 0.2823
0 0.2823
1 0.3792
1 0.3792
0 0.2823
1 0.3792
0 0.2823
1 0.3792
0 0.2823
0 0.2823
0 0.2823
1 0.3792
1 0.3792
1 0.3792
1 0.3792
0 0.2823
1 0.3792
0 0.2823
