1 0.3147
1 0.3147
1 0.3147
0 0.2735
0 0.2735
0 0.2735
1 0.3147
1 0.3147
0 0.2735
0 0.2735
1 0.3147
1 0.3147
0 0.2735
0 0.2735
0 0.2735
0 0.2735
1 0.3147
0 0.2735
0 0.2735
1 0.3147
0 0.2735
1 0.3147
1 0.3147
1 0.3147
1 0.3147
1 0.3147
1 0.3147
1 0.3147
0 0.2735
0 0.2735
1 0.3147
0 0.2735
0 0.2735
1 0.3147
1 0.3147
1 0.3147
0 0.2735
0 0.2735
1 0.3147
1 0.3147
0 0.2735
0 0.2735
0 0.2735
0 0.2735
0 0.2735
1 0.3147
0 0.2735
1 0.3147
1 0.3147
0 0.2735
0 0.2735
1 0.3147
0 0.2735
0 0.2735
0 0.2735
1 0.3147
1 0.3147
1 0.3147
1 0.3147
1 0.3147
1 0.3147
1 0.3147
0 0.2735
0 0.2735
0 0.2735
1 0.3147
0 0.2735
1 0.3147
1 0.3147
0 0.2735
1 0.3147
0 0.2735
0 0.2735
1 0.3147
0 0.2735
0 0.2735
1 0.3147
0 0.2735
1 0.3147
1 0.3147
1 0.3147
0 0.2735
0 0.2735
1 0.3147
1 0.3147
0 0.2735
1 0.3147
1 0.3147
1 0.3147
0 0.2735
1 0.3147
1 0.3147
1 0.3147
1 0.3147
0 0.2735
0 0.2735
0 0.2735
0 0.2735
1 0.3147
0 0.2735
