1 0.2512
0 0.2510
0 0.2510
0 0.2510
0 0.2510
1 0.2512
1 0.2512
0 0.2510
1 0.2512
1 0.2512
0 0.2510
0 0.2510
1 0.2512
0 0.2510
0 0.2510
0 0.2510
1 0.2512
1 0.2512
0 0.2510
0 0.2510
0 0.2510
1 0.2512
1 0.2512
1 0.2512
1 0.2512
0 0.2510
0 0.2510
0 0.2510
1 0.2512
1 0.2512
0 0.2510
1 0.2512
0 0.2510
1 0.2512
0 0.2510
1 0.2512
0 0.2510
0 0.2510
0 0.2510
0 0.2510
1 0.2512
1 0.2512
0 0.2510
1 0.2512
1 0.2512
0 0.2510
1 0.2512
1 0.2512
1 0.2512
0 0.2510
1 0.2512
0 0.2510
1 0.2512
0 0.2510
0 0.2510
0 0.2510
1 0.2512
0 0.2510
1 0.2512
1 0.2512
1 0.2512
0 0.2510
0 0.2510
0 0.2510
1 0.2512
0 0.2510
0 0.2510
1 0.2512
0 0.2510
0 0.2510
1 0.2512
0 0.2510
1 0.2512
0 0.2510
1 0.2512
0 0.2510
1 0.2512
1 0.2512
1 0.2512
0 0.2510
1 0.2512
0 0.2510
1 0.2512
1 0.2512
0 0.2510
1 0.2512
0 0.2510
0 0.2510
0 0.2510
1 0.2512
0 0.2510
0 0.2510
0 0.2510
0 0.2510
0 0.2510
0 0.2510
0 0.2510
0 0.2510
0 0.2510
1 0.2512
