1 0.2515
1 0.2515
0 0.2512
0 0.2512
0 0.2512
0 0.2512
1 0.2515
1 0.2515
0 0.2512
0 0.2512
1 0.2515
0 0.2512
1 0.2515
1 0.2515
1 0.2515
1 0.2515
1 0.2515
0 0.2512
1 0.2515
1 0.2515
0 0.2512
1 0.2515
1 0.2515
1 0.2515
1 0.2515
1 0.2515
0 0.2512
0 0.2512
1 0.2515
0 0.2512
0 0.2512
1 0.2515
0 0.2512
0 0.2512
0 0.2512
0 0.2512
0 0.2512
1 0.2515
0 0.2512
0 0.2512
1 0.2515
0 0.2512
1 0.2515
1 0.2515
0 0.2512
0 0.2512
1 0.2515
1 0.2515
0 0.2512
1 0.2515
0 0.2512
0 0.2512
1 0.2515
0 0.2512
1 0.2515
1 0.2515
1 0.2515
1 0.2515
0 0.2512
1 0.2515
1 0.2515
1 0.2515
1 0.2515
1 0.2515
0 0.2512
1 0.2515
1 0.2515
1 0.2515
0 0.2512
0 0.2512
0 0.2512
0 0.2512
0 0.2512
1 0.2515
1 0.2515
1 0.2515
1 0.2515
1 0.2515
0 0.2512
1 0.2515
1 0.2515
1 0.2515
0 0.2512
1 0.2515
0 0.2512
1 0.2515
1 0.2515
0 0.2512
1 0.2515
0 0.2512
0 0.2512
0 0.2512
0 0.2512
0 0.2512
1 0.2515
1 0.2515
0 0.2512
1 0.2515
0 0.2512
1 0.2515
