0 0.2500
0 0.2500
0 0.2500
0 0.2500
1 0.7353
1 0.7353
1 0.7353
1 0.7353
1 0.7353
1 0.7353
0 0.2500
0 0.2500
1 0.7353
1 0.7353
0 0.2500
0 0.2500
0 0.2500
0 0.2500
1 0.7353
1 0.7353
0 0.2500
0 0.2500
1 0.7353
1 0.7353
0 0.2500
0 0.2500
0 0.2500
0 0.2500
1 0.7353
1 0.7353
1 0.7353
1 0.7353
1 0.7353
0 0.2500
1 0.7353
1 0.7353
1 0.7353
0 0.2500
1 0.7353
0 0.2500
1 0.7353
1 0.7353
1 0.7353
1 0.7353
1 0.7353
1 0.7353
1 0.7353
1 0.7353
0 0.2500
1 0.7353
0 0.2500
0 0.2500
1 0.7353
1 0.7353
0 0.2500
1 0.7353
0 0.2500
1 0.7353
1 0.7353
1 0.7353
1 0.7353
1 0.7353
0 0.2500
1 0.7353
0 0.2500
0 0.2500
1 0.7353
1 0.7353
0 0.2500
0 0.2500
0 0.2500
1 0.7353
1 0.7353
1 0.7353
1 0.7353
1 0.7353
1 0.7353
0 0.2500
1 0.7353
1 0.7353
0 0.2500
1 0.7353
0 0.2500
0 0.2500
1 0.7353
0 0.2500
1 0.7353
0 0.2500
1 0.7353
0 0.2500
1 0.7353
1 0.7353
0 0.2500
1 0.7353
1 0.7353
0 0.2500
0 0.2500
1 0.7353
0 0.2500
0 0.2500
