0 0.2539
1 0.2553
0 0.2539
1 0.2553
1 0.2553
1 0.2553
0 0.2539
0 0.2539
1 0.2553
0 0.2539
1 0.2553
1 0.2553
0 0.2539
0 0.2539
1 0.2553
1 0.2553
1 0.2553
0 0.2539
1 0.2553
1 0.2553
1 0.2553
0 0.2539
0 0.2539
0 0.2539
0 0.2539
1 0.2553
1 0.2553
1 0.2553
0 0.2539
0 0.2539
0 0.2539
1 0.2553
1 0.2553
0 0.2539
1 0.2553
1 0.2553
1 0.2553
1 0.2553
0 0.2539
0 0.2539
0 0.2539
1 0.2553
0 0.2539
0 0.2539
1 0.2553
0 0.2539
0 0.2539
1 0.2553
0 0.2539
0 0.2539
0 0.2539
0 0.2539
0 0.2539
1 0.2553
1 0.2553
1 0.2553
0 0.2539
0 0.2539
0 0.2539
1 0.2553
0 0.2539
1 0.2553
0 0.2539
1 0.2553
0 0.2539
0 0.2539
0 0.2539
1 0.2553
1 0.2553
0 0.2539
0 0.2539
0 0.2539
1 0.2553
1 0.2553
0 0.2539
1 0.2553
0 0.2539
1 0.2553
0 0.2539
1 0.2553
0 0.2539
1 0.2553
1 0.2553
0 0.2539
0 0.2539
0 0.2539
1 0.2553
1 0.2553
0 0.2539
1 0.2553
1 0.2553
1 0.2553
0 0.2539
1 0.2553
1 0.2553
1 0.2553
1 0.2553
1 0.2553
1 0.2553
1 0.2553
