0 0.2805
0 0.2805
1 0.3318
1 0.3318
0 0.2805
1 0.3318
0 0.2805
1 0.3318
0 0.2805
0 0.2805
0 0.2805
1 0.3318
0 0.2805
0 0.2805
1 0.3318
1 0.3318
0 0.2805
0 0.2805
1 0.3318
1 0.3318
0 0.2805
1 0.3318
0 0.2805
0 0.2805
0 0.2805
1 0.3318
0 0.2805
1 0.3318
0 0.2805
1 0.3318
1 0.3318
1 0.3318
0 0.2805
0 0.2805
1 0.3318
1 0.3318
0 0.2805
0 0.2805
1 0.3318
0 0.2805
1 0.3318
0 0.2805
1 0.3318
0 0.2805
1 0.3318
1 0.3318
0 0.2805
1 0.3318
1 0.3318
1 0.3318
1 0.3318
0 0.2805
0 0.2805
1 0.3318
0 0.2805
0 0.2805
1 0.3318
1 0.3318
1 0.3318
1 0.3318
1 0.3318
1 0.3318
1 0.3318
0 0.2805
1 0.3318
0 0.2805
1 0.3318
1 0.3318
1 0.3318
0 0.2805
1 0.3318
0 0.2805
0 0.2805
1 0.3318
1 0.3318
1 0.3318
0 0.2805
0 0.2805
1 0.3318
0 0.2805
1 0.3318
0 0.2805
1 0.3318
0 0.2805
1 0.3318
1 0.3318
1 0.3318
0 0.2805
0 0.2805
0 0.2805
0 0.2805
1 0.3318
0 0.2805
0 0.2805
1 0.3318
0 0.2805
1 0.3318
1 0.3318
1 0.3318
1 0.3318
