0 0.2956
1 0.5449
0 0.2956
0 0.2956
0 0.2956
1 0.5449
0 0.2956
1 0.5449
1 0.5449
0 0.2956
1 0.5449
0 0.2956
1 0.5449
1 0.5449
1 0.5449
0 0.2956
0 0.2956
1 0.5449
1 0.5449
0 0.2956
0 0.2956
1 0.5449
0 0.2956
1 0.5449
0 0.2956
1 0.5449
1 0.5449
0 0.2956
1 0.5449
1 0.5449
1 0.5449
1 0.5449
1 0.5449
1 0.5449
0 0.2956
1 0.5449
1 0.5449
1 0.5449
0 0.2956
1 0.5449
1 0.5449
0 0.2956
1 0.5449
1 0.5449
1 0.5449
1 0.5449
1 0.5449
1 0.5449
1 0.5449
0 0.2956
0 0.2956
0 0.2956
1 0.5449
1 0.5449
1 0.5449
0 0.2956
1 0.5449
1 0.5449
1 0.5449
1 0.5449
0 0.2956
1 0.5449
1 0.5449
1 0.5449
1 0.5449
0 0.2956
1 0.5449
0 0.2956
0 0.2956
1 0.5449
1 0.5449
1 0.5449
0 0.2956
0 0.2956
0 0.2956
1 0.5449
0 0.2956
0 0.2956
0 0.2956
1 0.5449
1 0.5449
1 0.5449
1 0.5449
1 0.5449
1 0.5449
0 0.2956
1 0.5449
0 0.2956
0 0.2956
1 0.5449
1 0.5449
1 0.5449
1 0.5449
1 0.5449
1 0.5449
1 0.5449
1 0.5449
0 0.2956
1 0.5449
1 0.5449
