1 0.2651
1 0.2651
0 0.2592
0 0.2592
0 0.2592
1 0.2651
0 0.2592
0 0.2592
0 0.2592
1 0.2651
0 0.2592
0 0.2592
0 0.2592
0 0.2592
1 0.2651
0 0.2592
0 0.2592
1 0.2651
0 0.2592
1 0.2651
0 0.2592
1 0.2651
0 0.2592
0 0.2592
1 0.2651
0 0.2592
1 0.2651
1 0.2651
0 0.2592
1 0.2651
1 0.2651
1 0.2651
1 0.2651
1 0.2651
1 0.2651
0 0.2592
0 0.2592
0 0.2592
1 0.2651
1 0.2651
1 0.2651
1 0.2651
0 0.2592
0 0.2592
1 0.2651
1 0.2651
1 0.2651
1 0.2651
0 0.2592
0 0.2592
1 0.2651
1 0.2651
0 0.2592
0 0.2592
1 0.2651
0 0.2592
0 0.2592
0 0.2592
1 0.2651
1 0.2651
0 0.2592
0 0.2592
1 0.2651
1 0.2651
1 0.2651
0 0.2592
0 0.2592
1 0.2651
0 0.2592
0 0.2592
0 0.2592
0 0.2592
1 0.2651
1 0.2651
1 0.2651
1 0.2651
0 0.2592
0 0.2592
0 0.2592
0 0.2592
0 0.2592
1 0.2651
0 0.2592
1 0.2651
0 0.2592
1 0.2651
0 0.2592
0 0.2592
0 0.2592
1 0.2651
1 0.2651
1 0.2651
1 0.2651
0 0.2592
1 0.2651
1 0.2651
0 0.2592
1 0.2651
1 0.2651
1 0.2651
