0 0.2681
1 0.2872
0 0.2681
0 0.2681
0 0.2681
1 0.2872
1 0.2872
1 0.2872
1 0.2872
1 0.2872
1 0.2872
1 0.2872
0 0.2681
0 0.2681
1 0.2872
0 0.2681
0 0.2681
1 0.2872
1 0.2872
0 0.2681
0 0.2681
1 0.2872
0 0.2681
1 0.2872
0 0.2681
0 0.2681
0 0.2681
1 0.2872
1 0.2872
1 0.2872
0 0.2681
0 0.2681
0 0.2681
1 0.2872
0 0.2681
1 0.2872
1 0.2872
1 0.2872
1 0.2872
1 0.2872
1 0.2872
0 0.2681
0 0.2681
0 0.2681
1 0.2872
1 0.2872
0 0.2681
0 0.2681
0 0.2681
1 0.2872
1 0.2872
0 0.2681
0 0.2681
1 0.2872
1 0.2872
1 0.2872
1 0.2872
1 0.2872
0 0.2681
1 0.2872
1 0.2872
1 0.2872
0 0.2681
0 0.2681
0 0.2681
1 0.2872
0 0.2681
0 0.2681
0 0.2681
1 0.2872
0 0.2681
1 0.2872
0 0.2681
0 0.2681
1 0.2872
0 0.2681
1 0.2872
0 0.2681
1 0.2872
1 0.2872
0 0.2681
0 0.2681
1 0.2872
0 0.2681
1 0.2872
1 0.2872
0 0.2681
0 0.2681
0 0.2681
1 0.2872
1 0.2872
1 0.2872
1 0.2872
1 0.2872
0 0.2681
1 0.2872
0 0.2681
0 0.2681
1 0.2872
1 0.2872
