1 0.4128
1 0.4128
1 0.4128
1 0.4128
1 0.4128
1 0.4128
0 0.2932
0 0.2932
1 0.4128
0 0.2932
1 0.4128
1 0.4128
0 0.2932
1 0.4128
1 0.4128
1 0.4128
1 0.4128
0 0.2932
0 0.2932
0 0.2932
1 0.4128
0 0.2932
1 0.4128
1 0.4128
1 0.4128
1 0.4128
1 0.4128
0 0.2932
0 0.2932
0 0.2932
0 0.2932
0 0.2932
0 0.2932
0 0.2932
0 0.2932
1 0.4128
1 0.4128
0 0.2932
1 0.4128
1 0.4128
1 0.4128
1 0.4128
0 0.2932
0 0.2932
0 0.2932
1 0.4128
1 0.4128
0 0.2932
1 0.4128
0 0.2932
1 0.4128
1 0.4128
0 0.2932
1 0.4128
1 0.4128
1 0.4128
1 0.4128
0 0.2932
1 0.4128
1 0.4128
1 0.4128
0 0.2932
0 0.2932
0 0.2932
1 0.4128
0 0.2932
0 0.2932
0 0.2932
0 0.2932
0 0.2932
1 0.4128
1 0.4128
1 0.4128
1 0.4128
0 0.2932
1 0.4128
0 0.2932
1 0.4128
0 0.2932
0 0.2932
1 0.4128
1 0.4128
0 0.2932
1 0.4128
1 0.4128
0 0.2932
1 0.4128
1 0.4128
1 0.4128
1 0.4128
0 0.2932
0 0.2932
0 0.2932
0 0.2932
1 0.4128
1 0.4128
1 0.4128
1 0.4128
1 0.4128
1 0.4128
