1 0.2954
1 0.2954
0 0.2723
0 0.2723
1 0.2954
1 0.2954
1 0.2954
0 0.2723
0 0.2723
0 0.2723
1 0.2954
0 0.2723
0 0.2723
0 0.2723
1 0.2954
1 0.2954
1 0.2954
1 0.2954
0 0.2723
1 0.2954
0 0.2723
0 0.2723
0 0.2723
0 0.2723
1 0.2954
1 0.2954
0 0.2723
0 0.2723
1 0.2954
0 0.2723
0 0.2723
0 0.2723
1 0.2954
0 0.2723
0 0.2723
1 0.2954
0 0.2723
1 0.2954
1 0.2954
0 0.2723
0 0.2723
0 0.2723
1 0.2954
0 0.2723
1 0.2954
1 0.2954
1 0.2954
1 0.2954
1 0.2954
1 0.2954
0 0.2723
1 0.2954
0 0.2723
1 0.2954
1 0.2954
0 0.2723
0 0.2723
1 0.2954
0 0.2723
0 0.2723
1 0.2954
0 0.2723
0 0.2723
0 0.2723
0 0.2723
1 0.2954
1 0.2954
1 0.2954
0 0.2723
0 0.2723
0 0.2723
0 0.2723
0 0.2723
1 0.2954
0 0.2723
1 0.2954
1 0.2954
1 0.2954
0 0.2723
1 0.2954
1 0.2954
0 0.2723
0 0.2723
0 0.2723
1 0.2954
0 0.2723
0 0.2723
1 0.2954
1 0.2954
1 0.2954
1 0.2954
1 0.2954
0 0.2723
1 0.2954
1 0.2954
0 0.2723
0 0.2723
0 0.2723
0 0.2723
1 0.2954
