0 0.3129
1 0.6019
1 0.6019
1 0.6019
1 0.6019
1 0.6019
1 0.6019
1 0.6019
0 0.3129
0 0.3129
1 0.6019
1 0.6019
0 0.3129
1 0.6019
1 0.6019
1 0.6019
1 0.6019
1 0.6019
0 0.3129
1 0.6019
1 0.6019
0 0.3129
1 0.6019
0 0.3129
1 0.6019
1 0.6019
1 0.6019
0 0.3129
1 0.6019
1 0.6019
1 0.6019
1 0.6019
1 0.6019
1 0.6019
0 0.3129
0 0.3129
0 0.3129
1 0.6019
1 0.6019
0 0.3129
1 0.6019
1 0.6019
0 0.3129
1 0.6019
1 0.6019
0 0.3129
1 0.6019
0 0.3129
1 0.6019
1 0.6019
1 0.6019
1 0.6019
1 0.6019
1 0.6019
0 0.3129
1 0.6019
1 0.6019
1 0.6019
1 0.6019
1 0.6019
0 0.3129
0 0.3129
1 0.6019
0 0.3129
0 0.3129
1 0.6019
1 0.6019
1 0.6019
1 0.6019
1 0.6019
1 0.6019
1 0.6019
1 0.6019
0 0.3129
1 0.6019
0 0.3129
1 0.6019
1 0.6019
1 0.6019
0 0.3129
1 0.6019
0 0.3129
1 0.6019
0 0.3129
0 0.3129
1 0.6019
1 0.6019
1 0.6019
1 0.6019
0 0.3129
1 0.6019
0 0.3129
0 0.3129
1 0.6019
1 0.6019
0 0.3129
1 0.6019
1 0.6019
0 0.3129
1 0.6019
