0 0.2515
1 0.2517
1 0.2517
0 0.2515
1 0.2517
1 0.2517
0 0.2515
1 0.2517
0 0.2515
0 0.2515
1 0.2517
1 0.2517
0 0.2515
0 0.2515
1 0.2517
0 0.2515
0 0.2515
1 0.2517
0 0.2515
0 0.2515
0 0.2515
0 0.2515
0 0.2515
1 0.2517
0 0.2515
0 0.2515
1 0.2517
1 0.2517
1 0.2517
1 0.2517
0 0.2515
1 0.2517
0 0.2515
0 0.2515
0 0.2515
1 0.2517
1 0.2517
0 0.2515
0 0.2515
0 0.2515
0 0.2515
1 0.2517
0 0.2515
1 0.2517
1 0.2517
1 0.2517
1 0.2517
1 0.2517
0 0.2515
1 0.2517
0 0.2515
1 0.2517
1 0.2517
1 0.2517
0 0.2515
1 0.2517
0 0.2515
0 0.2515
0 0.2515
0 0.2515
1 0.2517
0 0.2515
0 0.2515
1 0.2517
1 0.2517
0 0.2515
0 0.2515
0 0.2515
1 0.2517
0 0.2515
0 0.2515
0 0.2515
0 0.2515
0 0.2515
0 0.2515
1 0.2517
1 0.2517
0 0.2515
0 0.2515
0 0.2515
1 0.2517
0 0.2515
1 0.2517
1 0.2517
0 0.2515
0 0.2515
0 0.2515
0 0.2515
1 0.2517
0 0.2515
0 0.2515
1 0.2517
1 0.2517
0 0.2515
0 0.2515
1 0.2517
1 0.2517
1 0.2517
0 0.2515
0 0.2515
