0 0.3061
1 0.4475
1 0.4475
1 0.4475
0 0.3061
1 0.4475
0 0.3061
0 0.3061
1 0.4475
1 0.4475
1 0.4475
0 0.3061
1 0.4475
1 0.4475
0 0.3061
0 0.3061
0 0.3061
0 0.3061
0 0.3061
1 0.4475
1 0.4475
1 0.4475
0 0.3061
1 0.4475
0 0.3061
1 0.4475
0 0.3061
0 0.3061
1 0.4475
0 0.3061
0 0.3061
1 0.4475
0 0.3061
1 0.4475
0 0.3061
0 0.3061
1 0.4475
1 0.4475
0 0.3061
1 0.4475
1 0.4475
0 0.3061
1 0.4475
1 0.4475
1 0.4475
0 0.3061
0 0.3061
1 0.4475
1 0.4475
1 0.4475
0 0.3061
0 0.3061
0 0.3061
1 0.4475
1 0.4475
0 0.3061
1 0.4475
1 0.4475
0 0.3061
0 0.3061
0 0.3061
1 0.4475
0 0.3061
1 0.4475
0 0.3061
1 0.4475
0 0.3061
1 0.4475
1 0.4475
1 0.4475
1 0.4475
1 0.4475
0 0.3061
0 0.3061
1 0.4475
1 0.4475
0 0.3061
1 0.4475
1 0.4475
1 0.4475
1 0.4475
1 0.4475
1 0.4475
1 0.4475
1 0.4475
1 0.4475
1 0.4475
1 0.4475
0 0.3061
1 0.4475
1 0.4475
1 0.4475
0 0.3061
0 0.3061
0 0.3061
0 0.3061
1 0.4475
1 0.4475
0 0.3061
0 0.3061
