1 0.2563
0 0.2546
0 0.2546
0 0.2546
0 0.2546
1 0.2563
0 0.2546
1 0.2563
1 0.2563
1 0.2563
1 0.2563
0 0.2546
1 0.2563
1 0.2563
0 0.2546
1 0.2563
1 0.2563
0 0.2546
0 0.2546
0 0.2546
1 0.2563
0 0.2546
1 0.2563
1 0.2563
0 0.2546
0 0.2546
0 0.2546
0 0.2546
0 0.2546
0 0.2546
0 0.2546
1 0.2563
1 0.2563
1 0.2563
0 0.2546
1 0.2563
1 0.2563
0 0.2546
0 0.2546
0 0.2546
0 0.2546
1 0.2563
1 0.2563
0 0.2546
1 0.2563
0 0.2546
1 0.2563
1 0.2563
1 0.2563
0 0.2546
1 0.2563
1 0.2563
1 0.2563
0 0.2546
0 0.2546
1 0.2563
0 0.2546
0 0.2546
1 0.2563
0 0.2546
1 0.2563
1 0.2563
1 0.2563
1 0.2563
0 0.2546
1 0.2563
1 0.2563
0 0.2546
0 0.2546
0 0.2546
1 0.2563
1 0.2563
1 0.2563
0 0.2546
1 0.2563
0 0.2546
0 0.2546
0 0.2546
1 0.2563
1 0.2563
1 0.2563
0 0.2546
0 0.2546
1 0.2563
0 0.2546
0 0.2546
1 0.2563
0 0.2546
1 0.2563
1 0.2563
0 0.2546
1 0.2563
0 0.2546
0 0.2546
0 0.2546
0 0.2546
1 0.2563
1 0.2563
0 0.2546
0 0.2546
