1 0.2503
0 0.2503
0 0.2503
0 0.2503
1 0.2503
1 0.2503
0 0.2503
0 0.2503
1 0.2503
1 0.2503
1 0.2503
1 0.2503
1 0.2503
1 0.2503
0 0.2503
1 0.2503
0 0.2503
0 0.2503
0 0.2503
0 0.2503
1 0.2503
1 0.2503
1 0.2503
1 0.2503
0 0.2503
1 0.2503
1 0.2503
0 0.2503
0 0.2503
1 0.2503
0 0.2503
1 0.2503
1 0.2503
1 0.2503
1 0.2503
0 0.2503
1 0.2503
1 0.2503
1 0.2503
0 0.2503
0 0.2503
0 0.2503
0 0.2503
1 0.2503
0 0.2503
1 0.2503
1 0.2503
0 0.2503
1 0.2503
1 0.2503
1 0.2503
0 0.2503
0 0.2503
0 0.2503
1 0.2503
1 0.2503
1 0.2503
1 0.2503
1 0.2503
1 0.2503
1 0.2503
0 0.2503
0 0.2503
0 0.2503
1 0.2503
1 0.2503
1 0.2503
0 0.2503
1 0.2503
1 0.2503
0 0.2503
0 0.2503
0 0.2503
1 0.2503
1 0.2503
1 0.2503
1 0.2503
1 0.2503
1 0.2503
1 0.2503
1 0.2503
0 0.2503
0 0.2503
1 0.2503
0 0.2503
0 0.2503
1 0.2503
1 0.2503
0 0.2503
0 0.2503
0 0.2503
0 0.2503
1 0.2503
0 0.2503
1 0.2503
0 0.2503
1 0.2503
0 0.2503
1 0.2503
1 0.2503
