1 0.3498
0 0.2883
1 0.3498
1 0.3498
0 0.2883
0 0.2883
0 0.2883
1 0.3498
0 0.2883
1 0.3498
1 0.3498
0 0.2883
1 0.3498
0 0.2883
1 0.3498
0 0.2883
0 0.2883
0 0.2883
1 0.3498
1 0.3498
0 0.2883
0 0.2883
1 0.3498
1 0.3498
1 0.3498
0 0.2883
1 0.3498
0 0.2883
0 0.2883
1 0.3498
0 0.2883
1 0.3498
1 0.3498
1 0.3498
1 0.3498
1 0.3498
0 0.2883
1 0.3498
0 0.2883
0 0.2883
0 0.2883
0 0.2883
0 0.2883
1 0.3498
1 0.3498
0 0.2883
1 0.3498
1 0.3498
0 0.2883
0 0.2883
1 0.3498
1 0.3498
1 0.3498
1 0.3498
0 0.2883
0 0.2883
1 0.3498
0 0.2883
0 0.2883
1 0.3498
0 0.2883
1 0.3498
0 0.2883
1 0.3498
1 0.3498
1 0.3498
0 0.2883
1 0.3498
0 0.2883
0 0.2883
1 0.3498
1 0.3498
0 0.2883
1 0.3498
0 0.2883
1 0.3498
0 0.2883
1 0.3498
0 0.2883
1 0.3498
1 0.3498
1 0.3498
0 0.2883
1 0.3498
1 0.3498
0 0.2883
0 0.2883
1 0.3498
0 0.2883
1 0.3498
0 0.2883
0 0.2883
0 0.2883
0 0.2883
1 0.3498
0 0.2883
0 0.2883
1 0.3498
1 0.3498
0 0.2883
