1 0.2683
0 0.2612
1 0.2683
1 0.2683
0 0.2612
0 0.2612
1 0.2683
1 0.2683
0 0.2612
0 0.2612
0 0.2612
0 0.2612
1 0.2683
1 0.2683
0 0.2612
0 0.2612
1 0.2683
1 0.2683
1 0.2683
0 0.2612
0 0.2612
0 0.2612
1 0.2683
0 0.2612
1 0.2683
1 0.2683
1 0.2683
1 0.2683
0 0.2612
0 0.2612
0 0.2612
0 0.2612
0 0.2612
1 0.2683
0 0.2612
1 0.2683
0 0.2612
1 0.2683
0 0.2612
1 0.2683
1 0.2683
1 0.2683
1 0.2683
0 0.2612
0 0.2612
0 0.2612
1 0.2683
1 0.2683
0 0.2612
1 0.2683
1 0.2683
0 0.2612
0 0.2612
1 0.2683
0 0.2612
1 0.2683
0 0.2612
0 0.2612
1 0.2683
1 0.2683
1 0.2683
1 0.2683
1 0.2683
1 0.2683
0 0.2612
0 0.2612
0 0.2612
0 0.2612
1 0.2683
1 0.2683
0 0.2612
0 0.2612
0 0.2612
1 0.2683
0 0.2612
1 0.2683
0 0.2612
0 0.2612
0 0.2612
0 0.2612
0 0.2612
0 0.2612
0 0.2612
1 0.2683
1 0.2683
0 0.2612
0 0.2612
0 0.2612
0 0.2612
1 0.2683
0 0.2612
0 0.2612
1 0.2683
1 0.2683
0 0.2612
0 0.2612
1 0.2683
0 0.2612
0 0.2612
0 0.2612
