1 0.3687
0 0.2972
1 0.3687
0 0.2972
1 0.3687
0 0.2972
1 0.3687
0 0.2972
1 0.3687
0 0.2972
1 0.3687
1 0.3687
1 0.3687
0 0.2972
1 0.3687
1 0.3687
0 0.2972
1 0.3687
1 0.3687
1 0.3687
0 0.2972
0 0.2972
1 0.3687
0 0.2972
1 0.3687
0 0.2972
0 0.2972
1 0.3687
0 0.2972
1 0.3687
0 0.2972
1 0.3687
0 0.2972
1 0.3687
1 0.3687
0 0.2972
1 0.3687
1 0.3687
0 0.2972
0 0.2972
0 0.2972
0 0.2972
1 0.3687
0 0.2972
0 0.2972
0 0.2972
1 0.3687
1 0.3687
1 0.3687
0 0.2972
0 0.2972
1 0.3687
0 0.2972
1 0.3687
0 0.2972
1 0.3687
1 0.3687
1 0.3687
1 0.3687
1 0.3687
0 0.2972
1 0.3687
1 0.3687
1 0.3687
0 0.2972
1 0.3687
1 0.3687
1 0.3687
1 0.3687
1 0.3687
1 0.3687
1 0.3687
0 0.2972
0 0.2972
0 0.2972
1 0.3687
0 0.2972
1 0.3687
1 0.3687
0 0.2972
0 0.2972
0 0.2972
1 0.3687
1 0.3687
1 0.3687
0 0.2972
0 0.2972
0 0.2972
0 0.2972
0 0.2972
1 0.3687
0 0.2972
1 0.3687
0 0.2972
0 0.2972
0 0.2972
0 0.2972
1 0.3687
0 0.2972
0 0.2972
