1 0.8841
1 0.8841
1 0.8841
0 0.2500
1 0.8841
1 0.8841
1 0.8841
1 0.8841
1 0.8841
1 0.8841
1 0.8841
1 0.8841
0 0.2500
1 0.8841
1 0.8841
0 0.2500
1 0.8841
1 0.8841
1 0.8841
1 0.8841
1 0.8841
0 0.2500
1 0.8841
1 0.8841
1 0.8841
1 0.8841
1 0.8841
1 0.8841
1 0.8841
1 0.8841
0 0.2500
0 0.2500
1 0.8841
1 0.8841
0 0.2500
0 0.2500
1 0.8841
1 0.8841
1 0.8841
1 0.8841
0 0.2500
1 0.8841
1 0.8841
1 0.8841
1 0.8841
1 0.8841
1 0.8841
1 0.8841
1 0.8841
1 0.8841
1 0.8841
1 0.8841
1 0.8841
1 0.8841
1 0.8841
1 0.8841
1 0.8841
0 0.2500
1 0.8841
1 0.8841
1 0.8841
1 0.8841
1 0.8841
0 0.2500
1 0.8841
1 0.8841
0 0.2500
0 0.2500
1 0.8841
1 0.8841
1 0.8841
1 0.8841
1 0.8841
1 0.8841
0 0.2500
1 0.8841
1 0.8841
0 0.2500
1 0.8841
0 0.2500
0 0.2500
1 0.8841
1 0.8841
1 0.8841
1 0.8841
1 0.8841
1 0.8841
1 0.8841
1 0.8841
1 0.8841
0 0.2500
1 0.8841
1 0.8841
1 0.8841
0 0.2500
1 0.8841
1 0.8841
1 0.8841
1 0.8841
1 0.8841
