1 0.4829
1 0.4829
1 0.4829
1 0.4829
0 0.3217
0 0.3217
1 0.4829
0 0.3217
0 0.3217
1 0.4829
1 0.4829
0 0.3217
1 0.4829
0 0.3217
0 0.3217
1 0.4829
0 0.3217
1 0.4829
0 0.3217
0 0.3217
1 0.4829
0 0.3217
0 0.3217
0 0.3217
0 0.3217
1 0.4829
1 0.4829
1 0.4829
1 0.4829
0 0.3217
1 0.4829
1 0.4829
0 0.3217
1 0.4829
1 0.4829
1 0.4829
1 0.4829
1 0.4829
0 0.3217
1 0.4829
0 0.3217
1 0.4829
1 0.4829
0 0.3217
0 0.3217
1 0.4829
1 0.4829
0 0.3217
0 0.3217
1 0.4829
1 0.4829
1 0.4829
0 0.3217
1 0.4829
0 0.3217
0 0.3217
1 0.4829
0 0.3217
0 0.3217
1 0.4829
1 0.4829
0 0.3217
1 0.4829
1 0.4829
0 0.3217
1 0.4829
1 0.4829
1 0.4829
0 0.3217
1 0.4829
0 0.3217
1 0.4829
1 0.4829
0 0.3217
1 0.4829
1 0.4829
1 0.4829
0 0.3217
1 0.4829
1 0.4829
0 0.3217
1 0.4829
0 0.3217
0 0.3217
1 0.4829
0 0.3217
0 0.3217
1 0.4829
1 0.4829
0 0.3217
1 0.4829
0 0.3217
1 0.4829
0 0.3217
1 0.4829
0 0.3217
1 0.4829
0 0.3217
1 0.4829
0 0.3217
