0 0.2554
0 0.2554
1 0.2574
1 0.2574
0 0.2554
0 0.2554
0 0.2554
0 0.2554
0 0.2554
1 0.2574
1 0.2574
0 0.2554
0 0.2554
0 0.2554
0 0.2554
1 0.2574
0 0.2554
1 0.2574
0 0.2554
1 0.2574
1 0.2574
1 0.2574
1 0.2574
0 0.2554
1 0.2574
0 0.2554
0 0.2554
0 0.2554
0 0.2554
1 0.2574
0 0.2554
0 0.2554
0 0.2554
0 0.2554
0 0.2554
0 0.2554
1 0.2574
0 0.2554
1 0.2574
1 0.2574
1 0.2574
1 0.2574
0 0.2554
0 0.2554
1 0.2574
1 0.2574
1 0.2574
0 0.2554
0 0.2554
0 0.2554
1 0.2574
1 0.2574
1 0.2574
1 0.2574
1 0.2574
1 0.2574
0 0.2554
0 0.2554
0 0.2554
1 0.2574
0 0.2554
0 0.2554
1 0.2574
1 0.2574
1 0.2574
1 0.2574
0 0.2554
1 0.2574
0 0.2554
1 0.2574
1 0.2574
0 0.2554
1 0.2574
0 0.2554
0 0.2554
0 0.2554
0 0.2554
0 0.2554
0 0.2554
1 0.2574
0 0.2554
1 0.2574
1 0.2574
0 0.2554
1 0.2574
0 0.2554
1 0.2574
1 0.2574
0 0.2554
1 0.2574
0 0.2554
1 0.2574
0 0.2554
1 0.2574
0 0.2554
1 0.2574
1 0.2574
1 0.2574
0 0.2554
1 0.2574
