1 0.6569
1 0.6569
1 0.6569
0 0.3367
0 0.3367
1 0.6569
0 0.3367
0 0.3367
1 0.6569
1 0.6569
1 0.6569
1 0.6569
1 0.6569
0 0.3367
0 0.3367
1 0.6569
0 0.3367
1 0.6569
1 0.6569
0 0.3367
1 0.6569
1 0.6569
0 0.3367
1 0.6569
1 0.6569
0 0.3367
1 0.6569
0 0.3367
1 0.6569
0 0.3367
0 0.3367
1 0.6569
1 0.6569
1 0.6569
1 0.6569
1 0.6569
0 0.3367
1 0.6569
1 0.6569
1 0.6569
1 0.6569
1 0.6569
0 0.3367
1 0.6569
1 0.6569
0 0.3367
0 0.3367
1 0.6569
1 0.6569
0 0.3367
0 0.3367
0 0.3367
1 0.6569
1 0.6569
1 0.6569
1 0.6569
1 0.6569
0 0.3367
1 0.6569
1 0.6569
1 0.6569
1 0.6569
1 0.6569
1 0.6569
1 0.6569
0 0.3367
1 0.6569
0 0.3367
1 0.6569
0 0.3367
1 0.6569
1 0.6569
1 0.6569
0 0.3367
1 0.6569
1 0.6569
1 0.6569
1 0.6569
0 0.3367
0 0.3367
0 0.3367
1 0.6569
1 0.6569
1 0.6569
0 0.3367
0 0.3367
0 0.3367
0 0.3367
0 0.3367
1 0.6569
1 0.6569
1 0.6569
1 0.6569
1 0.6569
1 0.6569
1 0.6569
0 0.3367
1 0.6569
1 0.6569
1 0.6569
