0 0.2517
0 0.2517
0 0.2517
0 0.2517
1 0.2520
0 0.2517
1 0.2520
1 0.2520
1 0.2520
0 0.2517
0 0.2517
1 0.2520
1 0.2520
1 0.2520
0 0.2517
0 0.2517
1 0.2520
1 0.2520
0 0.2517
0 0.2517
1 0.2520
0 0.2517
1 0.2520
0 0.2517
1 0.2520
0 0.2517
1 0.2520
0 0.2517
0 0.2517
1 0.2520
1 0.2520
1 0.2520
1 0.2520
0 0.2517
1 0.2520
1 0.2520
0 0.2517
0 0.2517
0 0.2517
1 0.2520
0 0.2517
1 0.2520
1 0.2520
0 0.2517
0 0.2517
0 0.2517
0 0.2517
1 0.2520
1 0.2520
1 0.2520
1 0.2520
0 0.2517
0 0.2517
0 0.2517
0 0.2517
1 0.2520
1 0.2520
0 0.2517
0 0.2517
1 0.2520
1 0.2520
1 0.2520
0 0.2517
0 0.2517
0 0.2517
1 0.2520
0 0.2517
1 0.2520
1 0.2520
1 0.2520
0 0.2517
1 0.2520
0 0.2517
0 0.2517
1 0.2520
1 0.2520
1 0.2520
0 0.2517
1 0.2520
0 0.2517
1 0.2520
0 0.2517
1 0.2520
1 0.2520
0 0.2517
1 0.2520
1 0.2520
1 0.2520
1 0.2520
1 0.2520
1 0.2520
1 0.2520
0 0.2517
0 0.2517
0 0.2517
1 0.2520
0 0.2517
1 0.2520
0 0.2517
1 0.2520
