1 0.2717
1 0.2717
0 0.2633
0 0.2633
0 0.2633
1 0.2717
1 0.2717
1 0.2717
0 0.2633
0 0.2633
0 0.2633
0 0.2633
1 0.2717
1 0.2717
1 0.2717
1 0.2717
1 0.2717
0 0.2633
1 0.2717
1 0.2717
0 0.2633
1 0.2717
1 0.2717
1 0.2717
0 0.2633
0 0.2633
0 0.2633
1 0.2717
0 0.2633
1 0.2717
0 0.2633
0 0.2633
0 0.2633
1 0.2717
1 0.2717
1 0.2717
1 0.2717
0 0.2633
0 0.2633
1 0.2717
1 0.2717
0 0.2633
1 0.2717
0 0.2633
1 0.2717
0 0.2633
1 0.2717
0 0.2633
1 0.2717
0 0.2633
1 0.2717
1 0.2717
0 0.2633
1 0.2717
1 0.2717
0 0.2633
1 0.2717
0 0.2633
1 0.2717
0 0.2633
1 0.2717
1 0.2717
0 0.2633
1 0.2717
1 0.2717
1 0.2717
1 0.2717
1 0.2717
0 0.2633
1 0.2717
0 0.2633
0 0.2633
0 0.2633
0 0.2633
1 0.2717
0 0.2633
0 0.2633
0 0.2633
0 0.2633
1 0.2717
0 0.2633
0 0.2633
1 0.2717
1 0.2717
1 0.2717
0 0.2633
0 0.2633
1 0.2717
0 0.2633
0 0.2633
1 0.2717
1 0.2717
0 0.2633
1 0.2717
0 0.2633
0 0.2633
1 0.2717
0 0.2633
1 0.2717
0 0.2633
