0 0.2769
0 0.2769
1 0.3039
0 0.2769
0 0.2769
1 0.3039
1 0.3039
0 0.2769
1 0.3039
1 0.3039
1 0.3039
0 0.2769
1 0.3039
0 0.2769
1 0.3039
1 0.3039
0 0.2769
0 0.2769
0 0.2769
0 0.2769
1 0.3039
1 0.3039
0 0.2769
1 0.3039
1 0.3039
1 0.3039
1 0.3039
0 0.2769
0 0.2769
1 0.3039
0 0.2769
0 0.2769
1 0.3039
0 0.2769
1 0.3039
0 0.2769
0 0.2769
0 0.2769
1 0.3039
1 0.3039
0 0.2769
1 0.3039
0 0.2769
1 0.3039
0 0.2769
1 0.3039
0 0.2769
1 0.3039
0 0.2769
0 0.2769
1 0.3039
0 0.2769
0 0.2769
1 0.3039
0 0.2769
1 0.3039
0 0.2769
1 0.3039
0 0.2769
0 0.2769
0 0.2769
1 0.3039
1 0.3039
1 0.3039
1 0.3039
0 0.2769
0 0.2769
1 0.3039
0 0.2769
1 0.3039
0 0.2769
1 0.3039
1 0.3039
1 0.3039
0 0.2769
0 0.2769
0 0.2769
0 0.2769
0 0.2769
1 0.3039
1 0.3039
0 0.2769
1 0.3039
0 0.2769
0 0.2769
1 0.3039
0 0.2769
1 0.3039
0 0.2769
0 0.2769
1 0.3039
1 0.3039
0 0.2769
0 0.2769
0 0.2769
1 0.3039
0 0.2769
1 0.3039
0 0.2769
0 0.2769
