1 0.7091
1 0.7091
1 0.7091
1 0.7091
1 0.7091
1 0.7091
1 0.7091
0 0.3711
0 0.3711
1 0.7091
1 0.7091
0 0.3711
0 0.3711
0 0.3711
0 0.3711
1 0.7091
1 0.7091
1 0.7091
1 0.7091
0 0.3711
0 0.3711
1 0.7091
0 0.3711
1 0.7091
1 0.7091
1 0.7091
0 0.3711
1 0.7091
1 0.7091
0 0.3711
1 0.7091
1 0.7091
1 0.7091
1 0.7091
1 0.7091
1 0.7091
1 0.7091
0 0.3711
1 0.7091
1 0.7091
1 0.7091
1 0.7091
0 0.3711
1 0.7091
0 0.3711
0 0.3711
0 0.3711
1 0.7091
1 0.7091
0 0.3711
1 0.7091
0 0.3711
0 0.3711
1 0.7091
0 0.3711
1 0.7091
1 0.7091
1 0.7091
0 0.3711
1 0.7091
0 0.3711
1 0.7091
1 0.7091
1 0.7091
1 0.7091
1 0.7091
0 0.3711
0 0.3711
1 0.7091
0 0.3711
1 0.7091
1 0.7091
1 0.7091
1 0.7091
0 0.3711
0 0.3711
1 0.7091
1 0.7091
1 0.7091
0 0.3711
1 0.7091
1 0.7091
0 0.3711
1 0.7091
1 0.7091
1 0.7091
0 0.3711
1 0.7091
0 0.3711
0 0.3711
1 0.7091
0 0.3711
1 0.7091
0 0.3711
1 0.7091
1 0.7091
1 0.7091
1 0.7091
1 0.7091
1 0.7091
