0 0.2519
0 0.2519
0 0.2519
1 0.2523
0 0.2519
0 0.2519
1 0.2523
1 0.2523
1 0.2523
1 0.2523
0 0.2519
0 0.2519
0 0.2519
0 0.2519
0 0.2519
0 0.2519
0 0.2519
0 0.2519
1 0.2523
1 0.2523
1 0.2523
0 0.2519
1 0.2523
1 0.2523
0 0.2519
0 0.2519
0 0.2519
1 0.2523
0 0.2519
1 0.2523
0 0.2519
1 0.2523
1 0.2523
1 0.2523
0 0.2519
0 0.2519
1 0.2523
0 0.2519
1 0.2523
0 0.2519
0 0.2519
1 0.2523
1 0.2523
0 0.2519
1 0.2523
1 0.2523
0 0.2519
0 0.2519
1 0.2523
1 0.2523
0 0.2519
1 0.2523
1 0.2523
1 0.2523
1 0.2523
1 0.2523
0 0.2519
0 0.2519
0 0.2519
1 0.2523
0 0.2519
0 0.2519
1 0.2523
1 0.2523
1 0.2523
1 0.2523
0 0.2519
1 0.2523
1 0.2523
0 0.2519
1 0.2523
0 0.2519
0 0.2519
1 0.2523
0 0.2519
0 0.2519
1 0.2523
0 0.2519
0 0.2519
1 0.2523
0 0.2519
0 0.2519
0 0.2519
0 0.2519
0 0.2519
0 0.2519
0 0.2519
0 0.2519
1 0.2523
0 0.2519
1 0.2523
1 0.2523
1 0.2523
0 0.2519
1 0.2523
0 0.2519
0 0.2519
0 0.2519
0 0.2519
0 0.2519
