1 0.3883
0 0.3073
1 0.3883
1 0.3883
0 0.3073
0 0.3073
1 0.3883
1 0.3883
1 0.3883
1 0.3883
1 0.3883
0 0.3073
1 0.3883
1 0.3883
0 0.3073
1 0.3883
0 0.3073
0 0.3073
1 0.3883
1 0.3883
1 0.3883
1 0.3883
1 0.3883
0 0.3073
1 0.3883
0 0.3073
1 0.3883
0 0.3073
1 0.3883
1 0.3883
1 0.3883
0 0.3073
0 0.3073
1 0.3883
1 0.3883
1 0.3883
1 0.3883
1 0.3883
0 0.3073
0 0.3073
1 0.3883
1 0.3883
0 0.3073
1 0.3883
0 0.3073
1 0.3883
1 0.3883
1 0.3883
1 0.3883
0 0.3073
0 0.3073
1 0.3883
0 0.3073
1 0.3883
1 0.3883
1 0.3883
0 0.3073
1 0.3883
0 0.3073
0 0.3073
1 0.3883
1 0.3883
1 0.3883
1 0.3883
1 0.3883
1 0.3883
0 0.3073
1 0.3883
1 0.3883
1 0.3883
0 0.3073
1 0.3883
1 0.3883
0 0.3073
0 0.3073
0 0.3073
0 0.3073
1 0.3883
0 0.3073
0 0.3073
1 0.3883
0 0.3073
1 0.3883
0 0.3073
0 0.3073
1 0.3883
1 0.3883
1 0.3883
0 0.3073
1 0.3883
1 0.3883
0 0.3073
1 0.3883
0 0.3073
1 0.3883
0 0.3073
1 0.3883
0 0.3073
0 0.3073
1 0.3883
