1 0.2586
0 0.2563
0 0.2563
1 0.2586
0 0.2563
0 0.2563
1 0.2586
0 0.2563
1 0.2586
1 0.2586
1 0.2586
0 0.2563
0 0.2563
1 0.2586
0 0.2563
1 0.2586
0 0.2563
1 0.2586
0 0.2563
1 0.2586
0 0.2563
1 0.2586
0 0.2563
0 0.2563
0 0.2563
1 0.2586
1 0.2586
0 0.2563
1 0.2586
0 0.2563
0 0.2563
0 0.2563
0 0.2563
1 0.2586
0 0.2563
1 0.2586
0 0.2563
0 0.2563
0 0.2563
1 0.2586
0 0.2563
0 0.2563
0 0.2563
1 0.2586
1 0.2586
1 0.2586
0 0.2563
0 0.2563
0 0.2563
0 0.2563
0 0.2563
0 0.2563
1 0.2586
1 0.2586
1 0.2586
0 0.2563
1 0.2586
0 0.2563
0 0.2563
1 0.2586
1 0.2586
1 0.2586
0 0.2563
1 0.2586
1 0.2586
1 0.2586
0 0.2563
1 0.2586
0 0.2563
0 0.2563
0 0.2563
1 0.2586
0 0.2563
1 0.2586
0 0.2563
1 0.2586
0 0.2563
1 0.2586
1 0.2586
0 0.2563
0 0.2563
0 0.2563
1 0.2586
0 0.2563
0 0.2563
0 0.2563
1 0.2586
0 0.2563
1 0.2586
0 0.2563
1 0.2586
1 0.2586
1 0.2586
1 0.2586
0 0.2563
0 0.2563
1 0.2586
0 0.2563
0 0.2563
0 0.2563
