1 0.2752
1 0.2752
0 0.2655
1 0.2752
1 0.2752
1 0.2752
0 0.2655
1 0.2752
1 0.2752
1 0.2752
1 0.2752
0 0.2655
1 0.2752
1 0.2752
1 0.2752
0 0.2655
0 0.2655
0 0.2655
1 0.2752
0 0.2655
1 0.2752
0 0.2655
1 0.2752
1 0.2752
1 0.2752
1 0.2752
0 0.2655
1 0.2752
0 0.2655
1 0.2752
1 0.2752
1 0.2752
0 0.2655
1 0.2752
1 0.2752
1 0.2752
0 0.2655
0 0.2655
1 0.2752
0 0.2655
0 0.2655
1 0.2752
0 0.2655
1 0.2752
0 0.2655
0 0.2655
1 0.2752
0 0.2655
0 0.2655
1 0.2752
0 0.2655
1 0.2752
0 0.2655
1 0.2752
0 0.2655
1 0.2752
1 0.2752
1 0.2752
1 0.2752
0 0.2655
1 0.2752
1 0.2752
1 0.2752
1 0.2752
1 0.2752
1 0.2752
1 0.2752
0 0.2655
1 0.2752
1 0.2752
0 0.2655
1 0.2752
1 0.2752
1 0.2752
1 0.2752
1 0.2752
0 0.2655
1 0.2752
1 0.2752
0 0.2655
1 0.2752
0 0.2655
0 0.2655
0 0.2655
0 0.2655
1 0.2752
0 0.2655
1 0.2752
1 0.2752
1 0.2752
1 0.2752
1 0.2752
0 0.2655
1 0.2752
1 0.2752
1 0.2752
1 0.2752
1 0.2752
1 0.2752
0 0.2655
