0 0.3406
1 0.5183
1 0.5183
1 0.5183
1 0.5183
0 0.3406
1 0.5183
1 0.5183
0 0.3406
1 0.5183
1 0.5183
1 0.5183
1 0.5183
0 0.3406
1 0.5183
1 0.5183
1 0.5183
0 0.3406
0 0.3406
1 0.5183
0 0.3406
1 0.5183
0 0.3406
1 0.5183
1 0.5183
1 0.5183
1 0.5183
1 0.5183
0 0.3406
0 0.3406
1 0.5183
0 0.3406
1 0.5183
0 0.3406
0 0.3406
1 0.5183
1 0.5183
0 0.3406
1 0.5183
1 0.5183
0 0.3406
0 0.3406
0 0.3406
0 0.3406
1 0.5183
0 0.3406
1 0.5183
0 0.3406
0 0.3406
1 0.5183
0 0.3406
0 0.3406
1 0.5183
0 0.3406
1 0.5183
1 0.5183
1 0.5183
1 0.5183
1 0.5183
1 0.5183
1 0.5183
0 0.3406
1 0.5183
1 0.5183
0 0.3406
0 0.3406
1 0.5183
1 0.5183
1 0.5183
1 0.5183
1 0.5183
1 0.5183
0 0.3406
0 0.3406
0 0.3406
1 0.5183
1 0.5183
0 0.3406
0 0.3406
1 0.5183
0 0.3406
1 0.5183
1 0.5183
1 0.5183
1 0.5183
0 0.3406
1 0.5183
1 0.5183
1 0.5183
1 0.5183
1 0.5183
0 0.3406
1 0.5183
1 0.5183
0 0.3406
1 0.5183
0 0.3406
1 0.5183
0 0.3406
1 0.5183
