1 0.9461
1 0.9461
1 0.9461
1 0.9461
1 0.9461
1 0.9461
1 0.9461
1 0.9461
1 0.9461
1 0.9461
1 0.9461
1 0.9461
1 0.9461
1 0.9461
1 0.9461
1 0.9461
1 0.9461
1 0.9461
1 0.9461
0 0.2500
1 0.9461
1 0.9461
1 0.9461
1 0.9461
0 0.2500
1 0.9461
1 0.9461
0 0.2500
1 0.9461
1 0.9461
1 0.9461
1 0.9461
1 0.9461
1 0.9461
1 0.9461
1 0.9461
1 0.9461
1 0.9461
1 0.9461
1 0.9461
1 0.9461
1 0.9461
1 0.9461
1 0.9461
1 0.9461
1 0.9461
1 0.9461
0 0.2500
0 0.2500
1 0.9461
0 0.2500
1 0.9461
1 0.9461
1 0.9461
1 0.9461
1 0.9461
1 0.9461
0 0.2500
1 0.9461
1 0.9461
1 0.9461
1 0.9461
1 0.9461
1 0.9461
1 0.9461
0 0.2500
1 0.9461
1 0.9461
1 0.9461
1 0.9461
0 0.2500
1 0.9461
1 0.9461
1 0.9461
1 0.9461
0 0.2500
0 0.2500
1 0.9461
1 0.9461
1 0.9461
1 0.9461
0 0.2500
1 0.9461
1 0.9461
1 0.9461
1 0.9461
1 0.9461
1 0.9461
1 0.9461
1 0.9461
1 0.9461
1 0.9461
1 0.9461
0 0.2500
1 0.9461
1 0.9461
1 0.9461
0 0.2500
0 0.2500
1 0.9461
