0 0.2820
0 0.2820
1 0.3130
0 0.2820
0 0.2820
0 0.2820
0 0.2820
1 0.3130
1 0.3130
1 0.3130
1 0.3130
0 0.2820
1 0.3130
0 0.2820
1 0.3130
1 0.3130
0 0.2820
1 0.3130
0 0.2820
0 0.2820
0 0.2820
0 0.2820
1 0.3130
0 0.2820
1 0.3130
1 0.3130
0 0.2820
1 0.3130
1 0.3130
1 0.3130
0 0.2820
1 0.3130
0 0.2820
1 0.3130
1 0.3130
1 0.3130
1 0.3130
0 0.2820
0 0.2820
1 0.3130
1 0.3130
1 0.3130
1 0.3130
0 0.2820
0 0.2820
1 0.3130
0 0.2820
0 0.2820
1 0.3130
0 0.2820
0 0.2820
1 0.3130
0 0.2820
0 0.2820
1 0.3130
1 0.3130
1 0.3130
1 0.3130
0 0.2820
1 0.3130
0 0.2820
1 0.3130
1 0.3130
0 0.2820
0 0.2820
1 0.3130
1 0.3130
1 0.3130
1 0.3130
1 0.3130
0 0.2820
1 0.3130
1 0.3130
0 0.2820
1 0.3130
0 0.2820
0 0.2820
1 0.3130
1 0.3130
0 0.2820
0 0.2820
0 0.2820
0 0.2820
0 0.2820
1 0.3130
1 0.3130
0 0.2820
1 0.3130
0 0.2820
0 0.2820
1 0.3130
0 0.2820
1 0.3130
1 0.3130
1 0.3130
1 0.3130
0 0.2820
1 0.3130
1 0.3130
0 0.2820
