1 0.5534
0 0.3639
1 0.5534
1 0.5534
1 0.5534
1 0.5534
1 0.5534
1 0.5534
1 0.5534
1 0.5534
1 0.5534
1 0.5534
1 0.5534
1 0.5534
1 0.5534
1 0.5534
1 0.5534
1 0.5534
1 0.5534
0 0.3639
1 0.5534
1 0.5534
1 0.5534
1 0.5534
1 0.5534
1 0.5534
0 0.3639
1 0.5534
0 0.3639
0 0.3639
0 0.3639
0 0.3639
0 0.3639
1 0.5534
1 0.5534
0 0.3639
1 0.5534
0 0.3639
1 0.5534
1 0.5534
1 0.5534
1 0.5534
1 0.5534
0 0.3639
1 0.5534
1 0.5534
1 0.5534
1 0.5534
0 0.3639
0 0.3639
1 0.5534
0 0.3639
1 0.5534
1 0.5534
0 0.3639
1 0.5534
1 0.5534
1 0.5534
1 0.5534
0 0.3639
0 0.3639
1 0.5534
1 0.5534
1 0.5534
1 0.5534
1 0.5534
1 0.5534
1 0.5534
1 0.5534
1 0.5534
0 0.3639
1 0.5534
0 0.3639
0 0.3639
0 0.3639
1 0.5534
1 0.5534
0 0.3639
1 0.5534
0 0.3639
1 0.5534
0 0.3639
0 0.3639
1 0.5534
1 0.5534
0 0.3639
0 0.3639
0 0.3639
1 0.5534
1 0.5534
1 0.5534
1 0.5534
1 0.5534
0 0.3639
0 0.3639
0 0.3639
0 0.3639
0 0.3639
0 0.3639
1 0.5534
