1 0.2788
0 0.2679
0 0.2679
1 0.2788
0 0.2679
1 0.2788
1 0.2788
1 0.2788
0 0.2679
1 0.2788
1 0.2788
0 0.2679
1 0.2788
0 0.2679
1 0.2788
1 0.2788
1 0.2788
0 0.2679
1 0.2788
1 0.2788
1 0.2788
0 0.2679
0 0.2679
0 0.2679
1 0.2788
1 0.2788
0 0.2679
0 0.2679
1 0.2788
1 0.2788
0 0.2679
1 0.2788
0 0.2679
0 0.2679
1 0.2788
0 0.2679
1 0.2788
0 0.2679
0 0.2679
0 0.2679
0 0.2679
1 0.2788
0 0.2679
0 0.2679
1 0.2788
0 0.2679
0 0.2679
0 0.2679
0 0.2679
1 0.2788
1 0.2788
1 0.2788
0 0.2679
1 0.2788
0 0.2679
0 0.2679
1 0.2788
1 0.2788
0 0.2679
0 0.2679
1 0.2788
1 0.2788
1 0.2788
1 0.2788
1 0.2788
0 0.2679
0 0.2679
1 0.2788
0 0.2679
0 0.2679
1 0.2788
0 0.2679
0 0.2679
1 0.2788
1 0.2788
0 0.2679
1 0.2788
1 0.2788
1 0.2788
0 0.2679
0 0.2679
1 0.2788
1 0.2788
0 0.2679
0 0.2679
1 0.2788
0 0.2679
1 0.2788
1 0.2788
0 0.2679
0 0.2679
1 0.2788
1 0.2788
0 0.2679
1 0.2788
1 0.2788
0 0.2679
1 0.2788
0 0.2679
1 0.2788
