0 0.2571
0 0.2571
0 0.2571
1 0.2598
1 0.2598
1 0.2598
0 0.2571
0 0.2571
0 0.2571
1 0.2598
0 0.2571
1 0.2598
1 0.2598
1 0.2598
0 0.2571
0 0.2571
0 0.2571
1 0.2598
1 0.2598
0 0.2571
1 0.2598
0 0.2571
1 0.2598
1 0.2598
1 0.2598
1 0.2598
0 0.2571
0 0.2571
1 0.2598
0 0.2571
1 0.2598
1 0.2598
0 0.2571
1 0.2598
1 0.2598
1 0.2598
1 0.2598
1 0.2598
1 0.2598
1 0.2598
0 0.2571
1 0.2598
0 0.2571
1 0.2598
1 0.2598
1 0.2598
1 0.2598
0 0.2571
1 0.2598
0 0.2571
0 0.2571
0 0.2571
1 0.2598
0 0.2571
1 0.2598
0 0.2571
1 0.2598
1 0.2598
1 0.2598
0 0.2571
0 0.2571
1 0.2598
0 0.2571
1 0.2598
1 0.2598
0 0.2571
0 0.2571
1 0.2598
1 0.2598
1 0.2598
0 0.2571
1 0.2598
1 0.2598
1 0.2598
1 0.2598
0 0.2571
0 0.2571
0 0.2571
0 0.2571
1 0.2598
0 0.2571
1 0.2598
1 0.2598
0 0.2571
1 0.2598
1 0.2598
1 0.2598
1 0.2598
0 0.2571
0 0.2571
1 0.2598
1 0.2598
1 0.2598
1 0.2598
1 0.2598
0 0.2571
0 0.2571
1 0.2598
1 0.2598
1 0.2598
