1 0.2526
0 0.2522
1 0.2526
0 0.2522
0 0.2522
1 0.2526
0 0.2522
1 0.2526
0 0.2522
1 0.2526
0 0.2522
1 0.2526
1 0.2526
0 0.2522
0 0.2522
1 0.2526
0 0.2522
1 0.2526
0 0.2522
0 0.2522
0 0.2522
0 0.2522
1 0.2526
1 0.2526
0 0.2522
0 0.2522
1 0.2526
0 0.2522
0 0.2522
0 0.2522
1 0.2526
1 0.2526
1 0.2526
1 0.2526
1 0.2526
0 0.2522
0 0.2522
0 0.2522
1 0.2526
0 0.2522
0 0.2522
1 0.2526
0 0.2522
1 0.2526
1 0.2526
1 0.2526
1 0.2526
0 0.2522
1 0.2526
1 0.2526
1 0.2526
1 0.2526
0 0.2522
1 0.2526
0 0.2522
0 0.2522
1 0.2526
1 0.2526
1 0.2526
0 0.2522
1 0.2526
0 0.2522
1 0.2526
1 0.2526
0 0.2522
1 0.2526
1 0.2526
1 0.2526
0 0.2522
0 0.2522
0 0.2522
0 0.2522
0 0.2522
1 0.2526
1 0.2526
1 0.2526
1 0.2526
1 0.2526
1 0.2526
1 0.2526
0 0.2522
0 0.2522
1 0.2526
0 0.2522
1 0.2526
1 0.2526
0 0.2522
1 0.2526
1 0.2526
1 0.2526
0 0.2522
0 0.2522
0 0.2522
1 0.2526
0 0.2522
1 0.2526
1 0.2526
1 0.2526
1 0.2526
