0 0.2874
0 0.2874
0 0.2874
0 0.2874
0 0.2874
0 0.2874
0 0.2874
0 0.2874
0 0.2874
1 0.3224
0 0.2874
1 0.3224
0 0.2874
1 0.3224
0 0.2874
1 0.3224
1 0.3224
1 0.3224
1 0.3224
1 0.3224
0 0.2874
1 0.3224
1 0.3224
0 0.2874
1 0.3224
0 0.2874
1 0.3224
1 0.3224
0 0.2874
1 0.3224
1 0.3224
0 0.2874
0 0.2874
1 0.3224
1 0.3224
1 0.3224
0 0.2874
1 0.3224
0 0.2874
0 0.2874
0 0.2874
1 0.3224
1 0.3224
1 0.3224
1 0.3224
0 0.2874
1 0.3224
1 0.3224
0 0.2874
0 0.2874
1 0.3224
0 0.2874
0 0.2874
0 0.2874
0 0.2874
0 0.2874
1 0.3224
0 0.2874
0 0.2874
1 0.3224
0 0.2874
1 0.3224
1 0.3224
1 0.3224
1 0.3224
1 0.3224
1 0.3224
1 0.3224
0 0.2874
0 0.2874
0 0.2874
0 0.2874
0 0.2874
0 0.2874
1 0.3224
0 0.2874
0 0.2874
0 0.2874
1 0.3224
1 0.3224
1 0.3224
0 0.2874
1 0.3224
1 0.3224
0 0.2874
0 0.2874
0 0.2874
0 0.2874
0 0.2874
1 0.3224
1 0.3224
0 0.2874
0 0.2874
0 0.2874
0 0.2874
0 0.2874
1 0.3224
1 0.3224
0 0.2874
0 0.2874
