0 0.3187
1 0.4084
1 0.4084
1 0.4084
1 0.4084
0 0.3187
0 0.3187
0 0.3187
0 0.3187
1 0.4084
1 0.4084
1 0.4084
1 0.4084
1 0.4084
0 0.3187
0 0.3187
0 0.3187
1 0.4084
0 0.3187
1 0.4084
0 0.3187
0 0.3187
1 0.4084
0 0.3187
0 0.3187
1 0.4084
1 0.4084
0 0.3187
1 0.4084
1 0.4084
1 0.4084
1 0.4084
1 0.4084
0 0.3187
0 0.3187
0 0.3187
0 0.3187
0 0.3187
1 0.4084
1 0.4084
1 0.4084
0 0.3187
0 0.3187
1 0.4084
1 0.4084
0 0.3187
0 0.3187
1 0.4084
1 0.4084
0 0.3187
1 0.4084
1 0.4084
0 0.3187
0 0.3187
0 0.3187
0 0.3187
1 0.4084
0 0.3187
0 0.3187
1 0.4084
1 0.4084
0 0.3187
0 0.3187
1 0.4084
1 0.4084
1 0.4084
1 0.4084
0 0.3187
1 0.4084
0 0.3187
1 0.4084
1 0.4084
0 0.3187
1 0.4084
0 0.3187
1 0.4084
1 0.4084
0 0.3187
1 0.4084
0 0.3187
1 0.4084
1 0.4084
1 0.4084
1 0.4084
1 0.4084
1 0.4084
0 0.3187
0 0.3187
1 0.4084
1 0.4084
1 0.4084
0 0.3187
0 0.3187
0 0.3187
1 0.4084
1 0.4084
1 0.4084
0 0.3187
1 0.4084
0 0.3187
