0 0.4243
1 0.7579
1 0.7579
1 0.7579
1 0.7579
1 0.7579
0 0.4243
1 0.7579
1 0.7579
1 0.7579
0 0.4243
0 0.4243
1 0.7579
0 0.4243
0 0.4243
1 0.7579
1 0.7579
1 0.7579
1 0.7579
1 0.7579
1 0.7579
1 0.7579
1 0.7579
1 0.7579
1 0.7579
1 0.7579
1 0.7579
1 0.7579
0 0.4243
1 0.7579
1 0.7579
1 0.7579
1 0.7579
0 0.4243
1 0.7579
1 0.7579
1 0.7579
1 0.7579
1 0.7579
1 0.7579
1 0.7579
0 0.4243
1 0.7579
1 0.7579
1 0.7579
0 0.4243
1 0.7579
1 0.7579
1 0.7579
1 0.7579
0 0.4243
0 0.4243
1 0.7579
0 0.4243
1 0.7579
1 0.7579
0 0.4243
1 0.7579
1 0.7579
1 0.7579
1 0.7579
0 0.4243
1 0.7579
1 0.7579
1 0.7579
1 0.7579
1 0.7579
1 0.7579
1 0.7579
1 0.7579
1 0.7579
1 0.7579
0 0.4243
0 0.4243
1 0.7579
1 0.7579
1 0.7579
1 0.7579
0 0.4243
0 0.4243
1 0.7579
1 0.7579
1 0.7579
1 0.7579
1 0.7579
1 0.7579
1 0.7579
1 0.7579
0 0.4243
1 0.7579
1 0.7579
1 0.7579
0 0.4243
0 0.4243
1 0.7579
1 0.7579
0 0.4243
0 0.4243
0 0.4243
0 0.4243
