0 0.250000524750217

0 0.25000052475021706

0 0.250000524750217

0 0.250000524749233

1 0.25000052525082256

0 0.250000524750217

1 0.25000052525082245

0 0.2500005252497275

0 0.2500005252497275

0 0.250000524749233

0 0.25000052524972755

0 0.25000052475021706

0 0.2500005252497275

1 0.2500005252508225

0 0.25000052524972755

0 0.2500005252497275

0 0.2500005252497275

1 0.2500005252508225

0 0.25000052475021706

0 0.250000524750217

0 0.2500005252497275

0 0.2500005252497275

0 0.250000524749233

0 0.2500005252497275

0 0.25000052524972755

0 0.25000052475021706

0 0.250000524750217

0 0.250000524749233

1 0.25000052525082245

0 0.250000524749233

0 0.2500005252497275

0 0.250000524749233

0 0.2500005252497275

1 0.25000052525082245

1 0.25000052525082256

0 0.2500005252497275

0 0.2500005252497275

0 0.25000052475021706

1 0.25000052525082256

0 0.250000524750217

0 0.250000524750217

0 0.25000052475021706

0 0.25000052524972755

0 0.250000524749233

0 0.250000524749233

0 0.2500005252497275

0 0.250000524749233

1 0.25000052525082245

0 0.250000524749233

0 0.250000524749233

0 0.250000524749233

1 0.25000052525082245

0 0.250000524750217

0 0.2500005252497275

1 0.25000052525082245

0 0.250000524750217

1 0.25000052525082245

0 0.250000524750217

0 0.250000524749233

1 0.25000052525082245

0 0.2500005252497275

0 0.250000524749233

1 0.2500005252508225

0 0.250000524749233

1 0.25000052525082245

1 0.25000052525082245

0 0.2500005252497275

0 0.250000524749233

0 0.25000052524972755

0 0.250000524749233

0 0.250000524749233

0 0.2500005252497275

0 0.250000524749233

0 0.250000524749233

0 0.250000524750217

0 0.2500005252497275

0 0.250000524750217

0 0.25000052475021706

1 0.25000052525082256

1 0.25000052525082245

0 0.25000052524972755

0 0.250000524750217

1 0.2500005252508225

0 0.250000524749233

0 0.25000052524972755

1 0.2500005252508225

0 0.250000524750217

0 0.250000524749233

1 0.2500005252508225

0 0.2500005252497275

0 0.250000524749233

0 0.250000524749233

0 0.250000524750217

0 0.25000052474923307

1 0.2500005252508225

0 0.2500005252497275

1 0.25000052525082245

0 0.250000524749233

1 0.25000052525082256

