0 0.26253625579260864

1 0.26775131498045196

1 0.26775131498045196

1 0.26775131498045196

0 0.24070712184688903

0 0.2427236900042249

0 0.24070712184688903

0 0.24070712184688903

0 0.24070712184688903

0 0.24070712184688903

0 0.24272369000422495

0 0.24070712184688903

0 0.2427236900042249

0 0.24070712184688903

0 0.26253625579260864

0 0.26253625579260864

0 0.26253625579260864

0 0.24070712184688903

0 0.24070712184688903

0 0.2427236900042249

0 0.24070712184688903

0 0.24070712184688903

0 0.2427236900042249

0 0.24070712184688903

0 0.26253625579260864

0 0.26253625579260864

0 0.26253625579260864

1 0.26775131498045196

0 0.26253625579260864

0 0.26253625579260864

0 0.24272369000422495

0 0.26253625579260864

0 0.24070712184688903

1 0.26775131498045196

0 0.24070712184688903

0 0.26253625579260864

0 0.24272369000422495

0 0.26253625579260864

0 0.24070712184688903

0 0.2427236900042249

0 0.26253625579260864

1 0.2677513149804519

1 0.26775131498045196

1 0.26775131498045196

0 0.2427236900042249

0 0.26253625579260864

0 0.24272369000422495

0 0.24070712184688903

0 0.24272369000422495

0 0.24070712184688903

0 0.26253625579260864

0 0.26253625579260864

0 0.26253625579260864

1 0.26775131498045196

0 0.26253625579260864

0 0.26253625579260864

0 0.2427236900042249

0 0.24272369000422495

0 0.26253625579260864

1 0.26775131498045196

0 0.24070712184688903

0 0.24272369000422495

0 0.26253625579260864

1 0.26775131498045196

0 0.26253625579260864

0 0.26253625579260864

0 0.24070712184688903

1 0.26775131498045196

0 0.24272369000422495

1 0.26775131498045196

0 0.26253625579260864

1 0.26775131498045196

0 0.24070712184688903

0 0.24272369000422495

0 0.24070712184688903

0 0.24070712184688903

0 0.26253625579260864

0 0.26253625579260864

0 0.24070712184688903

0 0.24272369000422495

1 0.26775131498045196

0 0.24070712184688903

0 0.2625362557926086

0 0.26253625579260864

0 0.26253625579260864

0 0.24272369000422495

0 0.2427236900042249

0 0.24070712184688903

0 0.24272369000422495

0 0.26253625579260864

0 0.24070712184688903

0 0.24272369000422495

1 0.26775131498045196

1 0.26775131498045196

0 0.26253625579260864

0 0.26253625579260864

0 0.26253625579260864

0 0.26253625579260864

0 0.24070712184688903

1 0.26775131498045196

