0 0.2502236073710952

0 0.250422489092566

0 0.2504224890925659

1 0.2504344392749215

1 0.25043443927492154

0 0.2502236073710952

1 0.25043443927492154

0 0.2502319595178464

0 0.2502236073710952

0 0.2502319595178464

0 0.2502236073710952

0 0.2502319595178464

1 0.2504344392749215

0 0.2502319595178464

0 0.2502319595178464

0 0.2502236073710952

1 0.25043443927492154

0 0.2502236073710952

0 0.2504224890925659

1 0.2504344392749215

0 0.2504224890925659

0 0.2502319595178464

0 0.250422489092566

0 0.2502319595178464

0 0.2502236073710952

0 0.2502319595178464

0 0.2502236073710952

0 0.250422489092566

0 0.2502319595178464

1 0.2504344392749215

1 0.25043443927492154

0 0.2502236073710952

0 0.250422489092566

0 0.2502319595178464

0 0.250422489092566

0 0.2502319595178464

0 0.2504224890925659

0 0.2504224890925659

1 0.2504344392749215

1 0.2504344392749215

0 0.2502319595178464

0 0.2504224890925659

1 0.25043443927492154

0 0.2502236073710952

1 0.2504344392749215

0 0.2502236073710952

1 0.25043443927492154

1 0.25043443927492154

0 0.2502236073710952

1 0.25043443927492154

1 0.25043443927492154

0 0.2502236073710952

1 0.2504344392749215

0 0.2502319595178464

0 0.250422489092566

0 0.2502319595178464

0 0.250422489092566

0 0.2502236073710952

0 0.2504224890925659

1 0.2504344392749215

0 0.2502236073710952

0 0.2502319595178464

0 0.2502236073710952

0 0.2502319595178464

0 0.2504224890925659

0 0.2502319595178464

0 0.2502319595178464

0 0.2504224890925659

1 0.25043443927492154

0 0.2502236073710952

0 0.2504224890925659

0 0.2504224890925659

0 0.2504224890925659

0 0.2502319595178464

0 0.2504224890925659

0 0.2502319595178464

0 0.2502236073710952

0 0.250422489092566

0 0.250422489092566

0 0.2502236073710952

0 0.2502319595178464

0 0.250422489092566

0 0.2502319595178464

0 0.250422489092566

0 0.2502236073710952

0 0.250422489092566

0 0.2504224890925659

0 0.2502319595178464

0 0.250422489092566

0 0.2502319595178464

0 0.250422489092566

0 0.2502236073710952

1 0.2504344392749215

1 0.25043443927492154

1 0.2504344392749215

0 0.2502236073710952

0 0.2502319595178464

0 0.2502319595178464

0 0.2502236073710952

1 0.25043443927492154

