0 0.2500408962793531

0 0.25004089627935305

0 0.2500408407486552

0 0.2500441478692644

1 0.2500442151013976

0 0.2500441478692644

1 0.2500442151013976

0 0.2500408407486552

0 0.25004089627935305

0 0.2500441478692644

0 0.2500441478692644

0 0.2500408962793531

0 0.2500408407486552

1 0.2500442151013976

0 0.25004084074865524

0 0.2500441478692644

0 0.2500441478692644

0 0.2500441478692644

0 0.25004089627935305

0 0.25004084074865524

0 0.2500441478692644

0 0.25004084074865524

0 0.2500441478692644

0 0.25004089627935305

0 0.2500441478692644

0 0.25004084074865524

0 0.25004084074865524

1 0.2500442151013976

0 0.25004089627935305

0 0.25004089627935305

0 0.2500441478692644

0 0.2500441478692644

0 0.2500441478692644

0 0.25004089627935305

0 0.2500408407486552

1 0.2500442151013976

1 0.2500442151013976

0 0.2500408407486552

1 0.2500442151013976

0 0.2500408407486552

1 0.2500442151013976

0 0.2500408407486552

1 0.2500442151013976

0 0.2500408962793531

0 0.2500441478692644

1 0.2500442151013976

0 0.2500408962793531

0 0.2500408407486552

0 0.2500408962793531

0 0.2500408962793531

0 0.2500408407486552

1 0.2500442151013976

1 0.2500442151013976

0 0.2500408407486552

0 0.2500408407486552

0 0.2500408962793531

0 0.2500408962793531

0 0.25004084074865524

1 0.2500442151013976

0 0.2500441478692644

0 0.2500408407486552

0 0.2500441478692644

0 0.2500441478692644

1 0.2500442151013976

0 0.2500441478692644

1 0.2500442151013976

0 0.2500408962793531

0 0.2500408407486552

0 0.25004084074865524

0 0.2500408962793531

0 0.2500441478692644

0 0.2500408407486552

0 0.2500441478692644

0 0.2500408962793531

0 0.2500408407486552

0 0.2500408962793531

0 0.2500441478692644

0 0.2500441478692644

0 0.2500441478692644

0 0.2500408962793531

0 0.2500408407486552

1 0.2500442151013976

0 0.2500441478692644

1 0.2500442151013976

0 0.2500408962793531

1 0.2500442151013976

0 0.2500408407486552

1 0.2500442151013976

0 0.25004084074865524

1 0.2500442151013976

0 0.2500441478692644

1 0.2500442151013976

0 0.2500408962793531

0 0.2500408962793531

0 0.2500408407486552

0 0.2500441478692644

0 0.2500441478692644

1 0.2500442151013976

1 0.2500442151013976

0 0.2500441478692644

