0 0.2525889507750108

1 0.2529690827431209

0 0.24984498719732684

0 0.24984498719732684

0 0.24963803347984515

0 0.24963803347984515

0 0.2525889507750108

0 0.24963803347984515

0 0.24984498719732684

0 0.24984498719732684

0 0.24984498719732684

0 0.2496380334798451

0 0.24984498719732684

1 0.25296908274312085

0 0.2525889507750108

1 0.2529690827431209

0 0.2525889507750108

0 0.24984498719732684

0 0.24984498719732684

1 0.2529690827431209

0 0.2525889507750108

0 0.2496380334798451

1 0.25296908274312085

0 0.24984498719732684

0 0.2525889507750108

1 0.2529690827431209

1 0.2529690827431209

0 0.24984498719732684

0 0.24984498719732684

1 0.2529690827431209

0 0.24963803347984515

0 0.2496380334798451

1 0.2529690827431209

1 0.25296908274312085

0 0.2496380334798451

1 0.2529690827431209

0 0.2525889507750108

0 0.24984498719732684

1 0.2529690827431209

0 0.2496380334798451

0 0.2496380334798451

0 0.24984498719732684

0 0.24984498719732684

0 0.2525889507750108

0 0.2525889507750108

0 0.2525889507750108

1 0.2529690827431209

0 0.2525889507750108

1 0.2529690827431209

1 0.25296908274312085

1 0.25296908274312085

0 0.24963803347984515

0 0.2525889507750108

1 0.25296908274312085

0 0.2496380334798451

0 0.2525889507750108

0 0.2525889507750108

0 0.24984498719732684

0 0.24963803347984515

0 0.2496380334798451

0 0.2496380334798451

0 0.2496380334798451

0 0.2525889507750108

1 0.25296908274312085

0 0.2496380334798451

0 0.24984498719732684

0 0.2496380334798451

1 0.25296908274312085

0 0.2496380334798451

0 0.24984498719732684

0 0.2525889507750108

1 0.25296908274312085

1 0.25296908274312085

1 0.25296908274312085

0 0.2496380334798451

1 0.25296908274312085

0 0.24984498719732684

0 0.24984498719732684

0 0.2525889507750108

0 0.24984498719732684

1 0.2529690827431209

0 0.2496380334798451

0 0.24984498719732684

1 0.25296908274312085

0 0.2525889507750108

0 0.24984498719732684

1 0.2529690827431209

0 0.24984498719732684

1 0.25296908274312085

0 0.2496380334798451

0 0.2525889507750108

0 0.2525889507750108

1 0.2529690827431209

1 0.25296908274312085

0 0.24984498719732684

0 0.24984498719732684

0 0.2525889507750108

0 0.24963803347984515

0 0.2496380334798451

1 0.25296908274312097

