0 0.250008463712532

1 0.250008464850624

1 0.25000846485062406

0 0.25000833621382307

0 0.250008463712532

0 0.250008335223019

0 0.250008463712532

0 0.250008463712532

0 0.250008335223019

1 0.250008464850624

0 0.250008463712532

0 0.25000833621382307

1 0.25000846485062406

0 0.250008335223019

0 0.250008335223019

1 0.25000846485062406

0 0.250008463712532

0 0.250008463712532

0 0.250008335223019

0 0.25000833621382307

0 0.250008463712532

0 0.25000833621382307

0 0.250008335223019

0 0.25000833621382307

1 0.25000846485062406

0 0.250008463712532

0 0.25000833621382307

1 0.250008464850624

0 0.250008463712532

0 0.25000833621382307

0 0.250008335223019

0 0.250008335223019

0 0.250008335223019

0 0.250008335223019

0 0.250008463712532

0 0.250008463712532

0 0.250008463712532

0 0.25000833621382307

0 0.250008463712532

1 0.25000846485062406

1 0.25000846485062406

0 0.250008463712532

0 0.250008335223019

0 0.25000833621382307

0 0.25000833621382307

0 0.250008463712532

0 0.250008463712532

1 0.25000846485062406

0 0.250008335223019

0 0.250008463712532

0 0.25000833621382307

0 0.250008463712532

0 0.250008335223019

0 0.250008335223019

1 0.250008464850624

0 0.25000833621382307

0 0.250008335223019

1 0.250008464850624

0 0.250008463712532

0 0.250008463712532

0 0.25000833621382307

0 0.250008335223019

0 0.250008463712532

0 0.250008335223019

0 0.250008335223019

1 0.250008464850624

0 0.25000833621382307

1 0.250008464850624

0 0.250008463712532

0 0.250008463712532

1 0.250008464850624

0 0.250008335223019

0 0.250008335223019

1 0.25000846485062406

0 0.25000833621382307

0 0.25000833621382307

1 0.25000846485062406

0 0.25000833621382307

0 0.250008463712532

0 0.250008463712532

1 0.25000846485062406

0 0.250008335223019

1 0.250008464850624

0 0.25000833621382307

0 0.250008336213823

0 0.250008335223019

0 0.250008463712532

0 0.25000833621382307

1 0.250008464850624

0 0.250008463712532

0 0.250008463712532

1 0.25000846485062406

0 0.250008463712532

0 0.250008463712532

0 0.250008463712532

0 0.250008463712532

0 0.250008463712532

0 0.250008335223019

0 0.25000833621382307

0 0.250008335223019

