0 0.24801337056541833

0 0.25587549382396163

0 0.2473056989685949

1 0.25739809035833233

1 0.25739809035833233

1 0.25739809035833233

0 0.2558754938239616

0 0.2558754938239616

0 0.24801337056541833

0 0.24801337056541833

0 0.2473056989685949

0 0.2473056989685949

0 0.24801337056541833

0 0.2473056989685949

1 0.25739809035833233

1 0.25739809035833233

0 0.2473056989685949

1 0.25739809035833233

0 0.2558754938239616

0 0.2473056989685949

0 0.24801337056541833

1 0.25739809035833233

0 0.25587549382396163

1 0.25739809035833233

0 0.24801337056541833

0 0.2473056989685949

0 0.24801337056541833

0 0.2473056989685949

0 0.2558754938239616

0 0.2473056989685949

0 0.2473056989685949

0 0.2558754938239616

1 0.25739809035833233

0 0.24801337056541833

0 0.24801337056541833

0 0.24801337056541833

0 0.24801337056541833

1 0.25739809035833233

0 0.2558754938239616

0 0.2473056989685949

1 0.25739809035833233

1 0.25739809035833233

1 0.25739809035833233

0 0.25587549382396163

0 0.2473056989685949

1 0.25739809035833233

0 0.2473056989685949

0 0.24801337056541833

0 0.24801337056541833

0 0.2473056989685949

1 0.25739809035833233

0 0.25587549382396163

0 0.2473056989685949

0 0.25587549382396163

0 0.2473056989685949

0 0.24801337056541833

0 0.24801337056541833

0 0.24801337056541833

0 0.2473056989685949

0 0.2480133705654184

0 0.24801337056541833

0 0.24801337056541833

0 0.24801337056541833

0 0.24801337056541833

1 0.25739809035833233

0 0.24801337056541833

0 0.2473056989685949

1 0.25739809035833233

0 0.24801337056541833

0 0.24801337056541833

0 0.2473056989685949

0 0.25587549382396163

0 0.24801337056541833

0 0.24801337056541833

0 0.25587549382396163

0 0.25587549382396163

0 0.24801337056541833

1 0.25739809035833233

1 0.2573980903583323

0 0.25587549382396163

0 0.24801337056541833

1 0.25739809035833233

0 0.25587549382396163

0 0.24801337056541833

0 0.25587549382396163

0 0.2473056989685949

0 0.24801337056541833

0 0.2473056989685949

0 0.25587549382396163

1 0.25739809035833233

0 0.2473056989685949

0 0.25587549382396163

0 0.2473056989685949

1 0.25739809035833233

0 0.24801337056541833

0 0.24801337056541833

0 0.24801337056541833

0 0.24801337056541833

0 0.24801337056541833

0 0.2473056989685949

