0 0.2510781810963949

0 0.25021972574221746

1 0.2511556091882775

0 0.2510781810963949

0 0.2510781810963949

0 0.25021972574221746

0 0.25026799582381337

0 0.2510781810963949

0 0.25021972574221746

0 0.25021972574221746

0 0.2510781810963949

0 0.25026799582381337

0 0.25026799582381337

1 0.2511556091882775

0 0.25026799582381337

0 0.25021972574221746

0 0.25021972574221746

0 0.2510781810963949

0 0.25021972574221746

1 0.2511556091882775

0 0.2510781810963949

0 0.2510781810963949

0 0.2510781810963949

1 0.2511556091882775

0 0.25026799582381337

0 0.25021972574221746

0 0.25021972574221746

0 0.2510781810963949

0 0.25021972574221746

0 0.25021972574221746

0 0.25026799582381337

0 0.25021972574221746

0 0.25026799582381337

0 0.2510781810963949

0 0.25021972574221746

0 0.2510781810963949

0 0.25021972574221746

1 0.2511556091882775

0 0.25021972574221746

1 0.2511556091882775

0 0.2510781810963949

1 0.2511556091882775

0 0.25026799582381337

0 0.25026799582381337

0 0.25026799582381337

1 0.2511556091882775

1 0.2511556091882775

0 0.2510781810963949

0 0.2510781810963949

1 0.2511556091882775

1 0.2511556091882775

0 0.2510781810963949

1 0.2511556091882775

0 0.25026799582381337

0 0.25021972574221746

0 0.25026799582381337

0 0.2510781810963949

0 0.2510781810963949

0 0.25021972574221746

0 0.25026799582381337

0 0.25021972574221746

0 0.2510781810963949

0 0.25021972574221746

1 0.2511556091882775

0 0.25021972574221746

1 0.2511556091882775

1 0.2511556091882775

0 0.25021972574221746

0 0.25026799582381337

0 0.2510781810963949

1 0.2511556091882775

1 0.2511556091882775

0 0.2510781810963949

1 0.2511556091882775

0 0.2510781810963949

1 0.2511556091882775

0 0.25021972574221746

1 0.2511556091882775

0 0.25021972574221746

0 0.25026799582381337

0 0.25021972574221746

1 0.2511556091882775

0 0.25026799582381337

1 0.2511556091882775

0 0.2510781810963949

0 0.25026799582381337

0 0.25026799582381337

0 0.25021972574221746

0 0.25026799582381337

0 0.25021972574221746

0 0.25021972574221746

0 0.25021972574221746

0 0.2510781810963949

0 0.25021972574221746

0 0.25021972574221746

1 0.2511556091882775

0 0.25026799582381337

0 0.2510781810963949

0 0.2510781810963949

0 0.2510781810963949

