1 0.25015168888405076

0 0.2501182010405999

0 0.2501504555840905

0 0.25011820104059984

0 0.25011820104059984

0 0.25011820104059984

0 0.2501182010405999

0 0.25011820104059984

1 0.25015168888405076

1 0.25015168888405076

0 0.2501504555840905

0 0.25011820104059984

0 0.2501504555840905

0 0.2501504555840905

0 0.2501504555840905

0 0.2501504555840905

0 0.2501172543582313

0 0.2501504555840905

0 0.25011725435823123

1 0.25015168888405076

1 0.25015168888405076

0 0.25011725435823123

0 0.25011725435823123

0 0.25011820104059984

0 0.2501172543582313

0 0.2501172543582313

0 0.2501504555840905

1 0.25015168888405076

1 0.25015168888405076

0 0.2501504555840905

0 0.25011725435823123

1 0.25015168888405076

0 0.2501504555840905

1 0.25015168888405076

1 0.25015168888405076

0 0.2501172543582313

0 0.2501172543582313

0 0.25011820104059984

0 0.25011820104059984

0 0.25011725435823123

0 0.2501504555840905

0 0.25011820104059984

0 0.25011725435823123

0 0.2501504555840905

0 0.25011820104059984

0 0.25011820104059984

0 0.2501504555840905

1 0.25015168888405076

0 0.25011725435823123

1 0.25015168888405076

0 0.25011725435823123

0 0.25011820104059984

1 0.25015168888405076

1 0.25015168888405076

0 0.2501504555840905

0 0.25011725435823123

0 0.2501504555840905

1 0.25015168888405076

0 0.2501182010405999

0 0.25011820104059984

0 0.2501504555840905

0 0.2501182010405999

0 0.25011725435823123

0 0.2501172543582313

0 0.2501172543582313

0 0.2501504555840905

0 0.2501504555840905

0 0.25011725435823123

0 0.25011820104059984

0 0.2501172543582313

0 0.2501504555840905

0 0.2501182010405999

1 0.25015168888405076

1 0.25015168888405076

0 0.2501172543582313

0 0.2501504555840905

1 0.25015168888405076

0 0.25011725435823123

0 0.2501172543582313

1 0.25015168888405076

0 0.25011725435823123

0 0.25011725435823123

0 0.2501504555840905

0 0.25011820104059984

0 0.2501504555840905

0 0.25011820104059984

0 0.2501172543582313

1 0.25015168888405076

0 0.25011725435823123

0 0.25011820104059984

0 0.2501504555840905

1 0.25015168888405076

1 0.25015168888405076

0 0.25011725435823123

0 0.2501504555840905

0 0.25011725435823123

0 0.25011820104059984

0 0.25011820104059984

1 0.25015168888405076

1 0.25015168888405076

