1 0.29076086956521735

0 0.22991071428571433

1 0.29076086956521735

0 0.22991071428571433

0 0.22991071428571433

1 0.29076086956521735

0 0.27499999999999997

1 0.29076086956521735

0 0.22991071428571433

0 0.22991071428571433

0 0.22991071428571433

1 0.29076086956521735

0 0.225

0 0.27499999999999997

1 0.29076086956521735

0 0.225

0 0.225

1 0.29076086956521735

1 0.29076086956521735

0 0.225

0 0.22991071428571433

1 0.29076086956521735

0 0.27499999999999997

0 0.22991071428571433

0 0.225

0 0.22991071428571433

1 0.29076086956521735

0 0.27499999999999997

0 0.22991071428571433

0 0.27499999999999997

0 0.27499999999999997

0 0.225

0 0.27499999999999997

0 0.22991071428571433

1 0.29076086956521735

0 0.27499999999999997

0 0.225

0 0.225

0 0.225

1 0.29076086956521735

0 0.22991071428571433

0 0.225

0 0.22991071428571433

1 0.29076086956521735

0 0.27499999999999997

0 0.27499999999999997

0 0.27499999999999997

0 0.22991071428571433

0 0.27499999999999997

0 0.27499999999999997

0 0.27499999999999997

0 0.22991071428571433

0 0.225

1 0.29076086956521735

0 0.225

1 0.29076086956521735

0 0.27499999999999997

0 0.27499999999999997

1 0.29076086956521735

0 0.225

0 0.27499999999999997

0 0.22991071428571433

0 0.27499999999999997

0 0.225

1 0.29076086956521735

0 0.22991071428571433

0 0.27499999999999997

0 0.27499999999999997

0 0.22991071428571433

0 0.27499999999999997

1 0.29076086956521735

1 0.29076086956521735

1 0.29076086956521735

0 0.225

0 0.225

0 0.225

0 0.27499999999999997

0 0.22991071428571433

1 0.29076086956521735

0 0.27499999999999997

1 0.29076086956521735

0 0.22991071428571433

0 0.225

1 0.29076086956521735

1 0.29076086956521735

0 0.22991071428571433

0 0.27499999999999997

0 0.27499999999999997

0 0.27499999999999997

0 0.22991071428571433

1 0.29076086956521735

0 0.27499999999999997

0 0.22991071428571433

1 0.29076086956521735

0 0.27499999999999997

1 0.29076086956521735

0 0.225

0 0.27499999999999997

1 0.29076086956521735

1 0.29076086956521735

