0 0.25018140846713083

1 0.25018169405154284

0 0.2501747420994356

0 0.25017495536030504

0 0.25018140846713083

1 0.25018169405154284

0 0.25018140846713083

0 0.25018140846713083

0 0.25017474209943563

1 0.2501816940515428

1 0.2501816940515428

0 0.25017495536030504

0 0.25017495536030504

0 0.2501814084671308

1 0.2501816940515428

0 0.25017495536030504

0 0.25018140846713083

0 0.25017495536030504

1 0.25018169405154284

0 0.2501747420994356

0 0.25018140846713083

0 0.25017495536030504

0 0.25017474209943563

0 0.2501814084671308

0 0.2501747420994356

0 0.25017474209943563

0 0.25017474209943563

0 0.25017495536030504

1 0.2501816940515428

0 0.2501814084671308

1 0.2501816940515428

0 0.25018140846713083

1 0.2501816940515428

0 0.25017495536030504

0 0.25017495536030504

0 0.25017474209943563

0 0.25018140846713083

0 0.25017495536030504

0 0.25017495536030504

0 0.25018140846713083

1 0.2501816940515428

1 0.25018169405154284

0 0.2501747420994356

1 0.25018169405154284

0 0.25017474209943563

1 0.2501816940515428

1 0.2501816940515428

1 0.2501816940515428

0 0.25017495536030504

0 0.25017495536030504

0 0.25017495536030504

1 0.25018169405154284

0 0.25018140846713083

0 0.25017474209943563

0 0.25017495536030504

0 0.25017474209943563

1 0.2501816940515428

0 0.25017495536030504

1 0.2501816940515428

0 0.25018140846713083

0 0.25018140846713083

0 0.25017495536030504

0 0.25018140846713083

0 0.25017495536030504

1 0.2501816940515428

0 0.25017495536030504

1 0.25018169405154284

0 0.25017495536030504

1 0.2501816940515428

0 0.25017474209943563

0 0.25018140846713083

0 0.25017474209943563

0 0.25018140846713083

0 0.25017474209943563

0 0.25017474209943563

1 0.2501816940515428

1 0.25018169405154284

0 0.25017495536030504

0 0.25017474209943563

1 0.2501816940515428

0 0.25017474209943563

0 0.25018140846713083

0 0.25017495536030504

1 0.25018169405154284

1 0.25018169405154284

0 0.25018140846713083

0 0.25017495536030504

0 0.25017474209943563

1 0.25018169405154284

0 0.25018140846713083

0 0.25018140846713083

0 0.25017474209943563

0 0.25017495536030504

1 0.25018169405154284

0 0.25018140846713083

0 0.25017495536030504

0 0.2501814084671308

0 0.2501814084671308

0 0.25017474209943563

0 0.25017474209943563

