0 0.25000219950070013

0 0.2500021994969001

1 0.2500022005035238

0 0.2500021994969001

1 0.2500022005035238

1 0.2500022005035238

0 0.25000219950070013

0 0.25000219950070013

0 0.25000220049887584

1 0.2500022005035238

1 0.2500022005035238

1 0.2500022005035238

1 0.2500022005035238

1 0.2500022005035238

0 0.25000219950070013

0 0.25000219950070013

1 0.2500022005035238

1 0.2500022005035238

0 0.25000220049887584

1 0.2500022005035238

0 0.25000220049887584

0 0.25000219949690017

0 0.25000220049887584

0 0.25000219950070013

0 0.25000220049887584

0 0.25000219950070013

1 0.2500022005035238

1 0.2500022005035238

0 0.25000220049887584

1 0.2500022005035238

1 0.2500022005035238

0 0.2500021994969001

1 0.2500022005035238

0 0.25000220049887584

0 0.25000219950070013

0 0.25000220049887584

1 0.2500022005035238

1 0.2500022005035238

0 0.25000220049887584

0 0.25000219950070013

1 0.2500022005035238

1 0.2500022005035238

1 0.2500022005035238

1 0.2500022005035238

1 0.2500022005035238

0 0.2500021994969001

1 0.2500022005035238

0 0.25000220049887584

0 0.25000219950070013

1 0.2500022005035238

0 0.2500021994969001

0 0.2500021994969001

0 0.25000219950070013

1 0.2500022005035238

0 0.25000220049887584

0 0.25000220049887584

0 0.25000219950070013

1 0.2500022005035238

1 0.2500022005035238

0 0.25000219950070013

1 0.2500022005035238

1 0.2500022005035238

0 0.2500021994969001

0 0.25000219950070013

1 0.2500022005035238

0 0.25000219950070013

0 0.25000220049887584

0 0.25000219950070013

0 0.25000219950070013

0 0.25000220049887584

0 0.25000219950070013

1 0.2500022005035238

1 0.2500022005035238

0 0.25000219950070013

1 0.2500022005035238

0 0.25000220049887584

1 0.2500022005035238

0 0.25000219950070013

0 0.25000219949690017

0 0.25000219950070013

1 0.2500022005035238

0 0.25000220049887584

1 0.2500022005035238

0 0.25000219950070013

0 0.25000219950070013

1 0.2500022005035238

1 0.2500022005035238

1 0.2500022005035238

1 0.2500022005035238

0 0.25000219950070013

1 0.2500022005035238

0 0.25000219950070013

0 0.2500021994969001

0 0.25000220049887584

0 0.25000220049887584

0 0.25000219950070013

0 0.25000219949690017

1 0.2500022005035238

0 0.25000219950070013

0 0.25000219949690017

