0 0.2

1 0.36363636363636365

0 0.21875000000000003

0 0.21875000000000006

1 0.36363636363636365

0 0.21875000000000006

1 0.36363636363636365

0 0.21875000000000006

0 0.21875000000000006

0 0.21875000000000006

0 0.3

0 0.21875000000000006

0 0.2

0 0.2

0 0.2

0 0.2

0 0.2

1 0.36363636363636365

1 0.36363636363636365

0 0.21875000000000006

1 0.36363636363636365

0 0.21875000000000006

0 0.3

0 0.21875000000000006

1 0.36363636363636365

0 0.3

0 0.21875000000000006

0 0.21875000000000006

1 0.36363636363636365

0 0.3

0 0.2

0 0.2

0 0.2

0 0.2

0 0.21875000000000006

1 0.36363636363636365

0 0.3

0 0.3

0 0.21875000000000006

0 0.21875000000000006

0 0.3

0 0.2

0 0.21875000000000006

0 0.2

0 0.21875000000000006

0 0.2

0 0.3

1 0.36363636363636365

0 0.3

0 0.21875000000000006

0 0.3

0 0.2

0 0.3

1 0.36363636363636365

0 0.2

0 0.2

0 0.3

0 0.2

0 0.21875000000000006

0 0.3

0 0.21875000000000006

0 0.21875000000000006

1 0.36363636363636365

0 0.3

0 0.3

0 0.3

1 0.36363636363636365

1 0.36363636363636365

0 0.21875000000000006

0 0.21875000000000006

1 0.36363636363636365

0 0.3

1 0.36363636363636365

0 0.3

0 0.3

0 0.21875000000000006

1 0.36363636363636365

0 0.3

1 0.36363636363636365

0 0.2

0 0.2

1 0.36363636363636365

0 0.3

1 0.36363636363636365

0 0.21875000000000006

1 0.36363636363636365

0 0.21875000000000006

0 0.21875000000000006

0 0.2

0 0.3

1 0.36363636363636365

1 0.36363636363636365

0 0.21875000000000006

1 0.36363636363636365

0 0.3

0 0.21875000000000006

0 0.3

0 0.3

0 0.3

1 0.36363636363636365

