0 0.2505273666096701

1 0.25059984227394866

1 0.25059984227394866

0 0.2505309857668178

0 0.2505273666096701

0 0.2505273666096701

0 0.25059460318334975

0 0.25052736660967007

0 0.2505309857668178

0 0.2505273666096701

0 0.2505309857668178

0 0.2505309857668178

0 0.2505946031833498

0 0.2505309857668178

0 0.2505309857668178

0 0.2505946031833498

0 0.25052736660967007

0 0.2505946031833498

0 0.25059460318334975

0 0.2505273666096701

1 0.2505998422739487

0 0.2505309857668178

0 0.2505309857668178

0 0.25059460318334975

0 0.25052736660967007

0 0.2505309857668178

0 0.2505309857668178

0 0.2505273666096701

0 0.2505309857668178

0 0.2505273666096701

1 0.2505998422739487

1 0.2505998422739487

1 0.25059984227394866

1 0.25059984227394866

1 0.25059984227394866

0 0.25059460318334975

0 0.25052736660967007

0 0.2505946031833498

0 0.2505273666096701

0 0.25052736660967007

0 0.2505309857668178

0 0.25052736660967007

0 0.2505273666096701

0 0.25052736660967007

0 0.2505946031833498

1 0.25059984227394866

0 0.2505309857668178

1 0.2505998422739487

0 0.25059460318334975

0 0.2505309857668178

0 0.2505309857668178

1 0.25059984227394866

0 0.25052736660967007

0 0.2505273666096701

0 0.2505273666096701

0 0.25052736660967007

0 0.2505309857668178

1 0.25059984227394866

1 0.25059984227394866

0 0.2505273666096701

0 0.25059460318334975

0 0.2505946031833498

0 0.25052736660967007

0 0.2505309857668178

0 0.2505309857668178

0 0.2505309857668178

0 0.25059460318334975

0 0.25059460318334975

1 0.25059984227394866

0 0.2505309857668178

0 0.2505309857668178

0 0.25052736660967007

0 0.2505946031833498

1 0.25059984227394866

0 0.2505946031833498

1 0.25059984227394866

0 0.2505946031833498

0 0.2505309857668178

0 0.2505309857668178

0 0.25059460318334975

1 0.2505998422739487

0 0.25059460318334975

0 0.2505946031833498

1 0.2505998422739487

0 0.2505309857668178

0 0.2505309857668178

0 0.2505309857668178

0 0.2505946031833498

0 0.2505309857668178

0 0.25052736660967007

1 0.2505998422739487

0 0.2505946031833498

0 0.25052736660967007

1 0.25059984227394866

0 0.25059460318334975

0 0.2505309857668178

0 0.2505309857668178

0 0.25052736660967007

0 0.2505309857668178

0 0.25059460318334975

