0 0.2500350688628178

1 0.2500353316443505

0 0.25003507268100894

0 0.25003506886281784

0 0.25003532681179014

0 0.25003532681179014

1 0.2500353316443505

0 0.25003506886281784

0 0.25003532681179014

0 0.25003532681179014

1 0.25003533164435043

0 0.25003532681179014

0 0.2500350688628178

1 0.2500353316443505

0 0.250035072681009

0 0.25003532681179014

0 0.250035072681009

1 0.2500353316443505

1 0.25003533164435043

0 0.2500350688628178

0 0.250035072681009

0 0.25003532681179014

1 0.2500353316443505

0 0.250035072681009

1 0.2500353316443505

0 0.25003507268100894

0 0.25003532681179014

0 0.25003532681179014

0 0.25003507268100894

1 0.2500353316443505

0 0.250035072681009

1 0.25003533164435043

0 0.2500350688628178

0 0.25003507268100894

0 0.25003532681179014

1 0.2500353316443505

0 0.250035072681009

1 0.25003533164435043

1 0.2500353316443505

1 0.25003533164435043

0 0.2500350688628178

0 0.2500350688628178

0 0.2500350688628178

0 0.25003532681179014

0 0.25003507268100894

0 0.250035072681009

1 0.25003533164435043

0 0.25003506886281784

1 0.2500353316443505

0 0.25003532681179014

0 0.25003532681179014

0 0.25003506886281784

0 0.2500350688628178

0 0.250035072681009

0 0.2500350688628178

0 0.25003532681179014

0 0.25003532681179014

0 0.250035072681009

0 0.2500350688628178

0 0.250035072681009

0 0.25003506886281784

0 0.25003532681179014

1 0.25003533164435043

0 0.25003532681179014

0 0.25003532681179014

0 0.2500350688628178

1 0.2500353316443505

1 0.2500353316443505

0 0.250035072681009

0 0.25003532681179014

1 0.2500353316443505

1 0.2500353316443505

0 0.25003532681179014

0 0.2500350688628178

0 0.2500350688628178

0 0.25003532681179014

0 0.2500350688628178

0 0.25003507268100894

1 0.2500353316443505

0 0.250035072681009

0 0.250035072681009

0 0.25003532681179014

0 0.2500350688628178

0 0.25003506886281784

0 0.25003532681179014

0 0.25003506886281784

0 0.2500350688628178

0 0.2500350688628178

0 0.25003532681179014

0 0.2500350688628178

1 0.25003533164435043

1 0.2500353316443505

0 0.250035072681009

0 0.250035072681009

0 0.2500350688628178

0 0.250035072681009

1 0.25003533164435043

0 0.250035072681009

1 0.2500353316443505

1 0.25003533164435043

