0 0.2518476286325899

0 0.25359873382384485

0 0.2518476286325899

0 0.2518476286325899

0 0.2520302256723572

0 0.25359873382384485

0 0.25184762863258986

0 0.25359873382384485

1 0.2539267617566074

0 0.25359873382384485

0 0.25359873382384485

0 0.25184762863258986

0 0.2518476286325899

1 0.2539267617566074

1 0.2539267617566074

0 0.25184762863258986

0 0.25359873382384485

0 0.2518476286325899

1 0.2539267617566074

0 0.2518476286325899

0 0.25359873382384485

0 0.25359873382384485

0 0.2520302256723573

0 0.25184762863258986

0 0.2518476286325899

1 0.2539267617566074

0 0.25359873382384485

0 0.2518476286325899

1 0.2539267617566074

0 0.2520302256723573

0 0.25359873382384485

0 0.25359873382384485

0 0.2520302256723573

0 0.25359873382384485

0 0.25184762863258986

0 0.2518476286325899

0 0.2520302256723573

0 0.25359873382384485

1 0.2539267617566074

1 0.2539267617566074

0 0.25359873382384485

1 0.25392676175660744

1 0.2539267617566074

0 0.25184762863258986

0 0.25184762863258986

1 0.2539267617566074

0 0.25184762863258986

1 0.2539267617566074

0 0.25359873382384485

0 0.2518476286325899

0 0.25184762863258986

0 0.2520302256723573

1 0.2539267617566074

0 0.2520302256723572

0 0.25184762863258986

0 0.25359873382384485

1 0.2539267617566074

0 0.25359873382384485

0 0.25184762863258986

1 0.2539267617566074

0 0.25359873382384485

0 0.25359873382384485

0 0.25184762863258986

0 0.2520302256723573

0 0.2518476286325899

0 0.25184762863258986

0 0.25359873382384485

0 0.2518476286325899

0 0.2520302256723573

1 0.2539267617566074

1 0.2539267617566074

0 0.2520302256723572

1 0.2539267617566074

0 0.25184762863258986

0 0.2518476286325899

0 0.2520302256723573

0 0.25359873382384485

0 0.25184762863258986

0 0.2520302256723573

0 0.25359873382384485

0 0.25184762863258986

0 0.25359873382384485

0 0.2520302256723573

1 0.2539267617566074

0 0.2518476286325899

1 0.2539267617566074

0 0.25184762863258986

0 0.25184762863258986

0 0.25359873382384485

1 0.2539267617566074

0 0.25359873382384485

1 0.25392676175660744

0 0.2518476286325899

0 0.2520302256723573

0 0.25359873382384485

0 0.25184762863258986

0 0.2520302256723572

0 0.25184762863258986

0 0.2518476286325899

0 0.2518476286325899

