0 0.2515566004549612

0 0.2511838766347843

1 0.25160733106921185

0 0.2511838766347843

1 0.25160733106921185

0 0.2511521142615915

0 0.2511838766347843

1 0.25160733106921185

0 0.2511521142615915

0 0.2511521142615915

0 0.2515566004549612

1 0.25160733106921185

0 0.2515566004549612

0 0.2511838766347843

1 0.25160733106921185

0 0.2511838766347843

0 0.2515566004549612

0 0.2515566004549612

0 0.2511838766347843

1 0.25160733106921185

0 0.2511838766347843

0 0.25115211426159156

0 0.2511521142615915

0 0.2511521142615915

0 0.2511838766347843

0 0.2511521142615915

0 0.2515566004549612

0 0.2511838766347843

0 0.2515566004549612

0 0.2515566004549612

0 0.2515566004549612

0 0.2515566004549612

1 0.25160733106921185

1 0.25160733106921185

0 0.2511838766347843

1 0.25160733106921185

0 0.2511521142615915

0 0.2511521142615915

1 0.25160733106921185

0 0.2511521142615915

0 0.2515566004549612

0 0.2511838766347843

0 0.2515566004549612

0 0.2511521142615915

0 0.2515566004549612

0 0.2511838766347843

0 0.2515566004549612

1 0.25160733106921185

1 0.25160733106921185

1 0.25160733106921185

0 0.2511521142615915

1 0.25160733106921185

1 0.25160733106921185

0 0.2511838766347843

0 0.2515566004549612

0 0.2511521142615915

0 0.2511521142615915

1 0.25160733106921185

0 0.2511838766347843

1 0.25160733106921185

0 0.2515566004549612

0 0.2511521142615915

0 0.2515566004549612

1 0.25160733106921185

0 0.2515566004549612

1 0.25160733106921185

0 0.2511521142615915

0 0.2511521142615915

0 0.2511838766347843

0 0.2511521142615915

0 0.2511521142615915

1 0.25160733106921185

0 0.2511838766347843

1 0.25160733106921185

0 0.2511521142615915

0 0.2515566004549612

0 0.2515566004549612

0 0.2511838766347843

0 0.2511838766347843

0 0.2515566004549612

0 0.2515566004549612

0 0.2511521142615915

0 0.2515566004549612

0 0.2511521142615915

0 0.2511521142615915

0 0.2511521142615915

0 0.2511838766347843

0 0.2511838766347843

0 0.2515566004549612

0 0.2515566004549612

0 0.2515566004549612

1 0.25160733106921185

0 0.2511838766347843

0 0.2511838766347843

0 0.2511838766347843

0 0.2511838766347843

0 0.2511838766347843

0 0.2511838766347843

0 0.2511838766347843

1 0.25160733106921185

