0 0.23480942881589612

0 0.24242492411969357

1 0.30051056274049026

1 0.30051056274049026

0 0.27898137766428605

1 0.30051056274049026

0 0.24242492411969357

0 0.24242492411969374

1 0.30051056274049026

0 0.27898137766428605

0 0.23480942881589612

0 0.27898137766428605

0 0.27898137766428605

0 0.23480942881589617

1 0.30051056274049026

0 0.24242492411969357

1 0.30051056274049026

0 0.24242492411969357

1 0.30051056274049026

0 0.23480942881589612

0 0.23480942881589612

1 0.30051056274049026

0 0.24242492411969357

1 0.30051056274049026

0 0.27898137766428605

0 0.24242492411969357

0 0.27898137766428605

1 0.30051056274049026

0 0.23480942881589612

0 0.27898137766428605

0 0.23480942881589612

0 0.23480942881589612

0 0.24242492411969357

1 0.30051056274049026

0 0.24242492411969357

1 0.30051056274049026

0 0.27898137766428605

0 0.24242492411969357

1 0.30051056274049026

0 0.24242492411969357

0 0.24242492411969357

0 0.27898137766428605

1 0.30051056274049026

0 0.23480942881589612

0 0.24242492411969357

1 0.30051056274049026

1 0.30051056274049026

0 0.23480942881589612

0 0.23480942881589612

0 0.23480942881589612

0 0.27898137766428605

0 0.23480942881589612

0 0.23480942881589612

0 0.23480942881589612

0 0.24242492411969357

1 0.30051056274049026

1 0.30051056274049026

0 0.23480942881589612

0 0.24242492411969357

0 0.27898137766428605

0 0.24242492411969357

0 0.23480942881589612

1 0.30051056274049026

0 0.27898137766428605

1 0.30051056274049026

1 0.30051056274049026

0 0.24242492411969357

1 0.30051056274049026

1 0.30051056274049026

0 0.24242492411969357

0 0.23480942881589612

0 0.23480942881589612

0 0.23480942881589612

0 0.27898137766428605

0 0.23480942881589612

1 0.30051056274049026

0 0.24242492411969357

0 0.24242492411969357

0 0.23480942881589612

0 0.24242492411969357

0 0.27898137766428605

0 0.27898137766428605

0 0.23480942881589612

0 0.23480942881589612

0 0.23480942881589612

0 0.27898137766428605

0 0.24242492411969357

1 0.30051056274049026

0 0.27898137766428605

0 0.24242492411969357

0 0.27898137766428605

0 0.24242492411969357

0 0.24242492411969357

0 0.24242492411969357

0 0.24242492411969357

1 0.30051056274049026

0 0.23480942881589612

0 0.27898137766428605

1 0.30051056274049026

1 0.30051056274049026

