0 0.2516702270150113

0 0.25167022701501135

1 0.2592974644614897

0 0.2576939324503712

0 0.2516702270150113

0 0.2524498388508974

1 0.2592974644614897

0 0.25167022701501135

1 0.2592974644614897

0 0.2576939324503712

0 0.25167022701501135

0 0.25769393245037125

0 0.2576939324503712

0 0.2516702270150113

0 0.2516702270150113

1 0.25929746446148977

1 0.2592974644614897

1 0.2592974644614897

0 0.2576939324503712

0 0.2576939324503712

1 0.2592974644614897

0 0.2524498388508974

0 0.2576939324503712

0 0.2516702270150113

0 0.2576939324503712

0 0.25167022701501135

0 0.25167022701501135

1 0.2592974644614897

0 0.2516702270150113

0 0.2576939324503712

1 0.25929746446148977

0 0.2524498388508974

1 0.2592974644614897

0 0.2576939324503712

0 0.25769393245037125

1 0.2592974644614897

0 0.2516702270150113

0 0.2524498388508974

0 0.25244983885089733

0 0.25244983885089733

0 0.2516702270150113

0 0.2524498388508974

1 0.25929746446148977

0 0.25244983885089733

0 0.2524498388508974

0 0.2576939324503712

0 0.2516702270150113

0 0.2576939324503712

0 0.2516702270150113

1 0.2592974644614897

1 0.2592974644614897

0 0.25244983885089733

0 0.25167022701501135

0 0.25167022701501135

1 0.25929746446148977

0 0.25244983885089733

0 0.2576939324503712

0 0.25244983885089733

0 0.2576939324503712

0 0.2576939324503712

0 0.2576939324503712

0 0.2576939324503712

0 0.2524498388508974

0 0.2524498388508974

0 0.2516702270150113

1 0.2592974644614897

0 0.2576939324503712

0 0.2524498388508974

0 0.2516702270150113

0 0.2524498388508974

0 0.2576939324503712

0 0.25167022701501135

0 0.2576939324503712

1 0.2592974644614897

0 0.2576939324503712

0 0.2576939324503712

0 0.25244983885089733

0 0.2576939324503712

0 0.2524498388508974

1 0.2592974644614897

0 0.25167022701501135

0 0.2576939324503712

0 0.2524498388508974

1 0.2592974644614897

0 0.25167022701501135

0 0.2576939324503712

0 0.2576939324503712

0 0.2576939324503712

0 0.25244983885089733

1 0.2592974644614897

0 0.25167022701501135

0 0.2576939324503712

0 0.2576939324503712

0 0.25167022701501135

1 0.2592974644614897

0 0.2524498388508974

1 0.2592974644614897

1 0.25929746446148977

1 0.25929746446148977

0 0.25244983885089733

