0 0.24798919548224213

0 0.24798919548224213

0 0.24798919548224213

1 0.2718131701088585

1 0.2718131701088585

0 0.24798919548224213

1 0.27181317010885847

1 0.27181317010885847

0 0.24798919548224213

0 0.25065155388207383

1 0.27181317010885847

0 0.2506515538820738

1 0.27181317010885847

0 0.2506515538820738

0 0.2506515538820738

0 0.26544113522171653

1 0.27181317010885847

0 0.26544113522171653

1 0.2718131701088585

0 0.24798919548224213

0 0.24798919548224213

0 0.2506515538820738

0 0.2654411352217166

0 0.2654411352217166

0 0.2654411352217166

0 0.24798919548224213

0 0.24798919548224213

0 0.24798919548224213

0 0.2654411352217166

0 0.25065155388207383

0 0.25065155388207383

1 0.2718131701088585

0 0.24798919548224213

0 0.2654411352217166

1 0.27181317010885847

1 0.27181317010885847

0 0.25065155388207383

0 0.2506515538820738

1 0.27181317010885847

0 0.24798919548224213

1 0.27181317010885847

0 0.2654411352217166

0 0.24798919548224213

0 0.24798919548224213

0 0.26544113522171653

1 0.27181317010885847

1 0.27181317010885847

0 0.24798919548224213

0 0.2506515538820738

0 0.2654411352217166

0 0.24798919548224213

0 0.2506515538820738

0 0.2506515538820738

0 0.2506515538820738

0 0.2506515538820738

0 0.2654411352217166

0 0.2506515538820738

1 0.27181317010885847

0 0.2506515538820738

0 0.24798919548224213

1 0.2718131701088585

1 0.27181317010885847

0 0.25065155388207383

0 0.25065155388207383

0 0.25065155388207383

0 0.2506515538820738

0 0.24798919548224213

0 0.26544113522171653

0 0.24798919548224213

1 0.2718131701088585

0 0.2506515538820738

1 0.2718131701088585

0 0.26544113522171653

0 0.24798919548224213

1 0.27181317010885847

0 0.24798919548224213

0 0.2654411352217166

0 0.26544113522171653

0 0.2654411352217166

0 0.2506515538820738

0 0.24798919548224213

1 0.2718131701088585

0 0.24798919548224213

0 0.24798919548224213

0 0.2506515538820738

0 0.26544113522171653

0 0.25065155388207383

0 0.2506515538820738

0 0.26544113522171653

0 0.24798919548224213

0 0.25065155388207383

1 0.27181317010885847

0 0.24798919548224213

0 0.2654411352217166

1 0.27181317010885847

0 0.24798919548224213

0 0.26544113522171653

0 0.24798919548224213

0 0.2654411352217166

0 0.2654411352217166

