0 0.25000517425108143

0 0.2500051742430712

1 0.25000517575833703

0 0.2500051742430712

0 0.2500051757475102

1 0.250005175758337

0 0.2500051742430712

0 0.2500051757475102

0 0.2500051757475102

1 0.25000517575833703

0 0.25000517425108143

0 0.2500051757475102

0 0.2500051742430712

0 0.2500051757475102

0 0.2500051757475102

0 0.2500051742430712

1 0.25000517575833703

1 0.25000517575833703

0 0.25000517574751013

0 0.25000517425108143

0 0.2500051757475102

1 0.250005175758337

0 0.2500051757475102

0 0.2500051742430712

0 0.2500051742430712

0 0.2500051757475102

1 0.25000517575833703

1 0.250005175758337

0 0.2500051742430713

0 0.25000517425108143

0 0.2500051742430712

0 0.2500051742430712

1 0.25000517575833703

0 0.25000517425108143

0 0.2500051742430713

0 0.2500051757475102

1 0.25000517575833703

0 0.25000517425108143

1 0.250005175758337

0 0.2500051757475102

0 0.25000517425108143

0 0.25000517425108143

0 0.25000517425108143

0 0.25000517425108143

1 0.25000517575833703

0 0.2500051742430712

1 0.25000517575833703

0 0.2500051742430712

0 0.2500051757475102

0 0.2500051757475102

0 0.2500051742430712

1 0.25000517575833703

1 0.250005175758337

0 0.2500051757475102

1 0.25000517575833703

0 0.25000517425108143

1 0.250005175758337

0 0.25000517425108143

0 0.25000517425108143

0 0.25000517425108143

0 0.25000517574751013

0 0.2500051742430712

0 0.25000517425108143

0 0.25000517425108143

0 0.2500051742430712

0 0.25000517425108143

0 0.25000517425108143

0 0.2500051742430712

1 0.250005175758337

0 0.25000517425108143

0 0.25000517425108143

0 0.2500051757475102

0 0.25000517425108143

0 0.2500051742430713

0 0.2500051757475102

0 0.25000517425108143

0 0.2500051742430712

0 0.2500051757475102

0 0.25000517425108143

1 0.250005175758337

0 0.25000517425108143

0 0.2500051757475102

1 0.250005175758337

0 0.2500051757475102

1 0.250005175758337

1 0.25000517575833703

0 0.2500051757475102

0 0.25000517425108143

0 0.25000517574751013

1 0.250005175758337

0 0.25000517425108143

1 0.25000517575833703

0 0.25000517574751013

0 0.2500051742430712

1 0.25000517575833703

0 0.25000517425108143

1 0.25000517575833703

0 0.25000517425108143

0 0.2500051757475102

1 0.25000517575833703

