0 0.23319914295164312

1 0.3483245342247204

0 0.23319914295164312

0 0.23319914295164312

0 0.23319914295164312

0 0.30006221545120404

1 0.3483245342247204

0 0.30006221545120404

1 0.3483245342247204

0 0.2489274912074447

0 0.23319914295164312

1 0.3483245342247204

0 0.24892749120744478

0 0.23319914295164312

0 0.23319914295164312

0 0.2489274912074447

0 0.2489274912074447

0 0.30006221545120404

0 0.2489274912074447

1 0.3483245342247204

1 0.3483245342247204

0 0.30006221545120404

1 0.3483245342247204

0 0.30006221545120404

0 0.23319914295164312

1 0.3483245342247205

1 0.3483245342247204

0 0.30006221545120404

0 0.23319914295164312

0 0.23319914295164312

0 0.24892749120744476

0 0.30006221545120404

0 0.23319914295164312

1 0.3483245342247204

0 0.24892749120744476

0 0.30006221545120404

0 0.30006221545120404

1 0.3483245342247204

1 0.3483245342247204

1 0.3483245342247204

0 0.23319914295164312

0 0.30006221545120404

0 0.23319914295164312

0 0.23319914295164312

1 0.3483245342247204

0 0.30006221545120404

1 0.3483245342247204

0 0.23319914295164312

0 0.30006221545120404

0 0.23319914295164312

1 0.3483245342247204

0 0.30006221545120404

0 0.24892749120744476

0 0.24892749120744476

0 0.30006221545120404

0 0.30006221545120404

0 0.30006221545120404

0 0.23319914295164312

0 0.30006221545120404

0 0.2489274912074447

0 0.23319914295164312

0 0.2489274912074447

0 0.30006221545120404

0 0.2489274912074447

1 0.3483245342247204

0 0.2489274912074447

0 0.23319914295164312

0 0.23319914295164312

0 0.23319914295164312

0 0.23319914295164312

0 0.23319914295164312

1 0.3483245342247204

0 0.23319914295164312

0 0.30006221545120404

0 0.30006221545120404

0 0.30006221545120404

0 0.2489274912074447

0 0.30006221545120404

0 0.23319914295164312

0 0.23319914295164312

1 0.3483245342247204

1 0.3483245342247204

0 0.2489274912074447

0 0.23319914295164312

0 0.30006221545120404

1 0.3483245342247204

1 0.3483245342247204

0 0.2489274912074447

0 0.2489274912074447

0 0.24892749120744476

0 0.23319914295164312

1 0.3483245342247204

1 0.3483245342247204

1 0.3483245342247204

0 0.23319914295164312

0 0.23319914295164312

0 0.2489274912074447

0 0.23319914295164312

0 0.23319914295164312

0 0.2489274912074447

