0 0.2581630392405192

1 0.29385148434483

0 0.2581630392405192

1 0.29385148434483

0 0.2792718470572216

0 0.25272000834037817

0 0.2581630392405192

0 0.25272000834037817

0 0.27927184705722163

0 0.2581630392405192

0 0.2792718470572216

1 0.29385148434483

1 0.29385148434483

0 0.25272000834037817

0 0.25272000834037817

0 0.2792718470572216

0 0.2792718470572216

1 0.29385148434483

0 0.2581630392405192

0 0.2792718470572216

0 0.27927184705722163

0 0.2581630392405192

0 0.25272000834037817

1 0.29385148434483

1 0.29385148434483

0 0.25272000834037817

0 0.25272000834037817

1 0.29385148434483

0 0.25272000834037817

0 0.2792718470572216

0 0.2792718470572216

0 0.25272000834037817

0 0.2581630392405192

1 0.29385148434483

1 0.29385148434483

1 0.29385148434483

1 0.29385148434483

0 0.2581630392405192

0 0.25272000834037817

0 0.2581630392405192

0 0.25816303924051914

1 0.29385148434483

1 0.29385148434483

1 0.29385148434483

0 0.25816303924051914

0 0.2792718470572216

0 0.2792718470572216

0 0.27927184705722163

0 0.2792718470572216

0 0.25272000834037817

0 0.25816303924051914

0 0.25272000834037817

0 0.25272000834037817

1 0.29385148434483

1 0.29385148434483

0 0.25816303924051914

0 0.2792718470572216

0 0.25272000834037817

0 0.25272000834037817

0 0.2581630392405192

0 0.25272000834037817

0 0.25272000834037817

1 0.29385148434483

0 0.2581630392405192

0 0.2792718470572216

0 0.25272000834037817

0 0.25816303924051914

1 0.29385148434483

1 0.29385148434483

0 0.25272000834037817

0 0.25272000834037817

0 0.2792718470572216

0 0.25272000834037817

0 0.25272000834037817

0 0.25816303924051914

1 0.29385148434483

0 0.2581630392405192

1 0.29385148434483

0 0.25272000834037817

0 0.2581630392405192

0 0.2792718470572216

0 0.2581630392405192

0 0.2581630392405192

0 0.2581630392405192

1 0.29385148434483

0 0.2792718470572216

0 0.2792718470572216

0 0.25816303924051914

0 0.25272000834037817

1 0.29385148434483

0 0.27927184705722163

0 0.27927184705722163

1 0.29385148434483

0 0.27927184705722163

0 0.2792718470572216

0 0.2581630392405192

1 0.29385148434483

0 0.2581630392405192

0 0.2792718470572216

0 0.2792718470572216

