0 0.2564828423345635

0 0.2564828423345635

0 0.2564828423345635

1 0.2693821765334128

0 0.2580748423831623

0 0.2656711707969894

0 0.25807484238316225

0 0.2564828423345635

0 0.2656711707969894

0 0.2580748423831623

0 0.25807484238316225

0 0.2564828423345635

0 0.2580748423831623

0 0.2656711707969894

0 0.2656711707969893

0 0.2580748423831623

0 0.2656711707969894

0 0.25807484238316225

0 0.2656711707969893

0 0.2656711707969893

1 0.2693821765334128

0 0.2656711707969894

0 0.2564828423345635

1 0.2693821765334128

0 0.2564828423345635

0 0.25807484238316225

1 0.2693821765334128

0 0.2580748423831623

0 0.2656711707969894

0 0.2656711707969893

0 0.2656711707969893

0 0.25807484238316225

0 0.2564828423345635

0 0.2564828423345635

0 0.2656711707969894

0 0.2564828423345635

0 0.2564828423345635

0 0.2656711707969893

1 0.2693821765334128

0 0.25807484238316225

0 0.2656711707969893

0 0.2580748423831623

1 0.2693821765334128

0 0.2564828423345635

0 0.2656711707969893

0 0.25807484238316225

1 0.2693821765334128

0 0.2656711707969893

0 0.2564828423345635

0 0.2580748423831623

1 0.2693821765334128

0 0.2564828423345635

1 0.2693821765334128

0 0.2580748423831623

1 0.2693821765334128

0 0.2564828423345635

0 0.2564828423345635

0 0.2656711707969894

0 0.2564828423345635

0 0.2564828423345635

1 0.2693821765334128

1 0.2693821765334128

0 0.2580748423831623

0 0.25807484238316225

1 0.2693821765334128

1 0.2693821765334128

0 0.2564828423345635

0 0.2580748423831623

1 0.2693821765334128

1 0.2693821765334128

0 0.2580748423831623

0 0.2656711707969893

0 0.2656711707969893

0 0.2656711707969893

0 0.2564828423345635

0 0.2564828423345635

0 0.2656711707969893

0 0.2656711707969894

1 0.2693821765334128

0 0.2564828423345635

0 0.2656711707969894

0 0.2580748423831623

0 0.2564828423345635

0 0.2564828423345635

0 0.25807484238316225

0 0.2656711707969894

0 0.2656711707969894

0 0.2564828423345635

0 0.2656711707969893

0 0.2580748423831623

0 0.2656711707969893

0 0.2656711707969893

0 0.2580748423831623

0 0.2564828423345635

0 0.2564828423345635

0 0.2564828423345635

0 0.2656711707969894

1 0.2693821765334128

0 0.2656711707969893

0 0.2564828423345635

