0 0.25349627826382864

0 0.25349627826382864

0 0.2534962782638287

1 0.25361461862857426

0 0.25349627826382864

0 0.2528803158793482

0 0.25349627826382864

0 0.2529458917102716

0 0.25294589171027165

1 0.25361461862857426

0 0.25288031587934817

1 0.25361461862857426

0 0.25294589171027165

0 0.2528803158793482

0 0.25349627826382864

0 0.2534962782638287

0 0.2528803158793482

0 0.25294589171027165

0 0.25294589171027165

0 0.25349627826382864

0 0.2529458917102716

0 0.25288031587934817

0 0.2534962782638287

0 0.2529458917102716

0 0.25349627826382864

0 0.25349627826382864

0 0.25349627826382864

1 0.25361461862857426

0 0.2534962782638287

0 0.2529458917102716

0 0.2529458917102716

0 0.2534962782638287

0 0.2528803158793482

1 0.25361461862857426

0 0.25294589171027165

0 0.25294589171027165

0 0.2528803158793482

1 0.25361461862857426

0 0.25349627826382864

1 0.25361461862857426

0 0.25294589171027165

1 0.25361461862857426

0 0.2534962782638287

0 0.2528803158793482

0 0.2528803158793482

1 0.25361461862857426

0 0.2534962782638287

0 0.2534962782638287

0 0.25294589171027165

0 0.25349627826382864

0 0.2528803158793482

1 0.25361461862857426

0 0.2529458917102716

0 0.2528803158793482

0 0.25294589171027165

1 0.25361461862857426

1 0.25361461862857426

0 0.25294589171027165

0 0.2534962782638287

1 0.25361461862857426

0 0.25349627826382864

1 0.25361461862857426

1 0.2536146186285742

1 0.25361461862857426

0 0.2534962782638287

0 0.2528803158793482

1 0.25361461862857426

0 0.2529458917102716

0 0.25294589171027165

0 0.2528803158793482

0 0.25294589171027165

1 0.25361461862857426

0 0.2534962782638287

0 0.25294589171027165

0 0.2528803158793482

0 0.25294589171027165

1 0.25361461862857426

0 0.2534962782638287

0 0.2528803158793482

0 0.2529458917102716

0 0.2534962782638287

0 0.2529458917102716

1 0.25361461862857426

0 0.25349627826382864

0 0.2528803158793482

0 0.2534962782638287

1 0.25361461862857426

0 0.25349627826382864

0 0.25294589171027165

0 0.2529458917102716

1 0.25361461862857426

0 0.25294589171027165

1 0.25361461862857426

0 0.25288031587934817

0 0.2528803158793482

0 0.25349627826382864

0 0.2534962782638287

0 0.25294589171027165

0 0.2529458917102716

0 0.2534962782638287

