0 0.21452702702702708

0 0.32499999999999996

1 0.4630681818181818

0 0.32499999999999996

0 0.21452702702702708

0 0.32499999999999996

0 0.21452702702702708

1 0.4630681818181819

0 0.17499999999999996

0 0.17499999999999996

0 0.32499999999999996

0 0.21452702702702703

1 0.4630681818181819

0 0.21452702702702703

0 0.32499999999999996

0 0.21452702702702703

0 0.17499999999999996

0 0.175

1 0.4630681818181819

0 0.175

0 0.32499999999999996

1 0.4630681818181819

1 0.4630681818181818

0 0.175

0 0.17499999999999996

1 0.4630681818181819

0 0.21452702702702708

0 0.21452702702702708

0 0.17499999999999996

1 0.4630681818181819

0 0.21452702702702703

1 0.4630681818181819

0 0.32499999999999996

0 0.175

0 0.21452702702702708

0 0.17499999999999996

0 0.17499999999999996

0 0.175

0 0.32499999999999996

0 0.17499999999999996

1 0.4630681818181819

1 0.4630681818181818

0 0.17499999999999996

0 0.21452702702702708

0 0.32499999999999996

0 0.32499999999999996

0 0.21452702702702703

0 0.32499999999999996

0 0.32499999999999996

0 0.21452702702702708

1 0.4630681818181818

0 0.32499999999999996

0 0.32499999999999996

1 0.4630681818181819

0 0.21452702702702708

1 0.4630681818181819

0 0.32499999999999996

0 0.32499999999999996

0 0.21452702702702703

0 0.21452702702702708

1 0.4630681818181819

0 0.17499999999999996

0 0.32499999999999996

0 0.21452702702702708

0 0.32499999999999996

1 0.4630681818181819

0 0.32499999999999996

0 0.32499999999999996

0 0.21452702702702708

0 0.32499999999999996

0 0.32499999999999996

1 0.4630681818181819

0 0.32499999999999996

0 0.17499999999999996

0 0.175

1 0.4630681818181819

0 0.32499999999999996

0 0.17499999999999996

0 0.32499999999999996

1 0.4630681818181819

0 0.17499999999999996

0 0.175

0 0.21452702702702708

1 0.4630681818181818

0 0.17499999999999996

1 0.4630681818181818

1 0.4630681818181818

0 0.175

0 0.32499999999999996

0 0.17499999999999996

0 0.21452702702702703

0 0.175

1 0.4630681818181818

0 0.32499999999999996

1 0.4630681818181819

0 0.32499999999999996

1 0.4630681818181818

0 0.21452702702702703

0 0.17499999999999996

0 0.21452702702702703

