0 0.2500826090231023

1 0.25008300062135785

0 0.2500826009978707

0 0.25008298935750384

0 0.2500826090231023

0 0.25008298935750384

0 0.2500826009978707

0 0.2500826009978707

0 0.2500826090231023

1 0.25008300062135785

0 0.25008298935750384

0 0.2500826009978707

0 0.2500826090231023

0 0.2500826009978707

1 0.25008300062135785

1 0.25008300062135785

0 0.25008298935750384

1 0.25008300062135785

1 0.25008300062135785

0 0.25008298935750384

0 0.2500826009978707

1 0.25008300062135785

1 0.25008300062135785

0 0.25008298935750384

0 0.25008298935750384

1 0.25008300062135785

0 0.2500826009978707

0 0.2500826009978707

0 0.25008298935750384

0 0.2500826009978707

0 0.2500826009978707

0 0.25008298935750384

0 0.2500826090231023

0 0.2500826009978707

0 0.2500826090231023

0 0.25008298935750384

1 0.25008300062135785

1 0.25008300062135785

0 0.2500826009978707

0 0.2500826090231023

0 0.2500826009978707

0 0.2500826009978707

0 0.2500826090231023

1 0.25008300062135785

1 0.25008300062135785

0 0.2500826009978707

0 0.2500826090231023

0 0.2500826090231023

0 0.2500826009978707

0 0.2500826090231023

0 0.2500826090231023

0 0.2500826090231023

1 0.25008300062135785

0 0.2500826009978707

0 0.25008298935750384

0 0.2500826090231023

0 0.25008298935750384

0 0.25008298935750384

0 0.2500826090231023

0 0.2500826090231023

1 0.25008300062135785

0 0.2500826009978707

0 0.25008298935750384

0 0.2500826090231023

0 0.2500826009978707

0 0.25008260902310236

0 0.2500826009978707

0 0.2500826009978707

1 0.25008300062135785

0 0.25008298935750384

1 0.25008300062135785

1 0.25008300062135785

1 0.25008300062135785

1 0.25008300062135785

0 0.2500826009978707

0 0.2500826090231023

0 0.2500826009978707

0 0.2500826090231023

0 0.25008298935750384

1 0.25008300062135785

0 0.2500826090231023

0 0.2500826090231023

0 0.2500826009978707

0 0.2500826009978707

0 0.2500826090231023

0 0.2500826009978707

0 0.2500826090231023

0 0.25008298935750384

0 0.2500826009978707

1 0.25008300062135785

1 0.25008300062135785

0 0.25008298935750384

0 0.25008298935750384

1 0.25008300062135785

0 0.2500826090231023

1 0.25008300062135785

0 0.25008298935750384

1 0.25008300062135785

1 0.25008300062135785

