0 0.2577562953775112

1 0.25851974423607554

0 0.2550846238145508

0 0.2554590953086082

0 0.25775629537751127

0 0.2577562953775112

0 0.2550846238145508

1 0.25851974423607554

1 0.25851974423607554

1 0.25851974423607554

0 0.2577562953775112

0 0.2550846238145509

0 0.2577562953775112

0 0.2550846238145508

0 0.2554590953086082

0 0.2550846238145509

1 0.25851974423607554

1 0.25851974423607554

0 0.25775629537751127

0 0.2554590953086082

0 0.25775629537751127

0 0.2550846238145508

1 0.25851974423607554

0 0.2550846238145509

0 0.2577562953775112

0 0.2554590953086082

0 0.25775629537751127

1 0.25851974423607554

0 0.25775629537751127

0 0.2550846238145509

1 0.25851974423607554

1 0.25851974423607554

0 0.2577562953775112

0 0.25775629537751127

0 0.2550846238145508

1 0.25851974423607554

0 0.25775629537751127

0 0.25775629537751127

0 0.2577562953775112

0 0.25545909530860816

1 0.25851974423607554

1 0.25851974423607554

0 0.2577562953775112

0 0.2577562953775112

0 0.2550846238145508

0 0.2577562953775112

0 0.25545909530860816

0 0.25545909530860816

1 0.25851974423607554

1 0.25851974423607554

0 0.2554590953086082

1 0.25851974423607554

0 0.2577562953775112

0 0.2554590953086082

0 0.2554590953086082

0 0.2550846238145509

1 0.25851974423607554

1 0.25851974423607554

1 0.25851974423607554

0 0.2550846238145508

1 0.25851974423607554

0 0.2577562953775112

1 0.25851974423607554

0 0.2577562953775112

0 0.2554590953086082

0 0.2550846238145508

0 0.2550846238145508

0 0.2550846238145509

0 0.2554590953086082

0 0.2577562953775112

0 0.2550846238145508

0 0.2577562953775112

0 0.2550846238145508

0 0.25545909530860816

0 0.2550846238145508

1 0.25851974423607554

0 0.2550846238145508

0 0.25545909530860816

0 0.2577562953775112

1 0.25851974423607554

0 0.2554590953086082

0 0.2550846238145508

0 0.2550846238145508

1 0.25851974423607554

0 0.2577562953775112

0 0.25545909530860816

1 0.25851974423607554

0 0.2550846238145508

0 0.2554590953086082

0 0.2550846238145508

0 0.2554590953086082

0 0.2550846238145509

0 0.2550846238145508

0 0.2550846238145509

1 0.25851974423607554

0 0.25545909530860816

1 0.25851974423607554

0 0.2550846238145508

0 0.2554590953086082

0 0.2554590953086082

