0 0.25126883966130126

0 0.25126883966130126

0 0.25126883966130126

0 0.25127636445313745

1 0.25138310573041595

0 0.25127636445313745

0 0.2513708791663765

0 0.2513708791663765

0 0.25137087916637657

0 0.25137087916637657

0 0.25137087916637657

0 0.25126883966130126

0 0.25127636445313745

0 0.25137087916637657

1 0.25138310573041595

1 0.25138310573041595

0 0.25126883966130126

1 0.25138310573041595

0 0.2513708791663765

0 0.25137087916637657

0 0.25127636445313745

0 0.25137087916637657

0 0.25127636445313745

0 0.25127636445313745

0 0.25137087916637657

0 0.2513708791663765

1 0.25138310573041595

1 0.25138310573041595

0 0.25127636445313745

0 0.25127636445313745

1 0.25138310573041595

0 0.25127636445313745

0 0.25137087916637657

0 0.25137087916637657

0 0.2513708791663765

0 0.25126883966130126

0 0.25127636445313745

0 0.25137087916637657

0 0.25126883966130126

0 0.25126883966130126

0 0.25127636445313745

0 0.25127636445313745

0 0.25126883966130126

0 0.25126883966130126

0 0.25126883966130126

1 0.25138310573041595

0 0.25126883966130126

0 0.25126883966130126

0 0.25126883966130126

0 0.25127636445313745

0 0.25127636445313745

0 0.25137087916637657

0 0.25126883966130126

1 0.25138310573041595

1 0.25138310573041595

0 0.25137087916637657

1 0.25138310573041595

0 0.25126883966130126

0 0.25127636445313745

0 0.25127636445313745

0 0.25127636445313745

1 0.25138310573041595

0 0.25126883966130126

0 0.25137087916637657

0 0.25126883966130126

0 0.25126883966130126

0 0.25126883966130126

0 0.25126883966130126

0 0.25137087916637657

0 0.2513708791663765

0 0.25127636445313745

0 0.25126883966130126

0 0.25126883966130126

1 0.25138310573041595

0 0.25137087916637657

0 0.25137087916637657

0 0.25127636445313745

0 0.2513708791663765

0 0.25137087916637657

0 0.25126883966130126

0 0.25127636445313745

0 0.25137087916637657

0 0.25126883966130126

0 0.25126883966130126

0 0.25137087916637657

0 0.25137087916637657

1 0.25138310573041595

1 0.25138310573041595

0 0.25127636445313745

0 0.25137087916637657

0 0.25127636445313745

0 0.25137087916637657

0 0.2513708791663765

1 0.25138310573041595

1 0.25138310573041595

1 0.25138310573041595

0 0.25137087916637657

0 0.25126883966130126

0 0.25137087916637657

0 0.25127636445313745

