0 0.25041385917628134

0 0.2504143053249366

1 0.25042460077170503

1 0.25042460077170503

1 0.25042460077170503

1 0.250424600771705

0 0.25041385917628134

0 0.2504143053249366

0 0.25041385917628134

0 0.25042393461797746

1 0.250424600771705

0 0.25042393461797746

1 0.250424600771705

0 0.2504143053249366

0 0.25042393461797746

0 0.2504143053249366

0 0.2504143053249366

0 0.2504143053249366

1 0.250424600771705

0 0.2504143053249366

0 0.25041385917628134

1 0.25042460077170503

0 0.2504143053249366

0 0.25041385917628134

1 0.25042460077170503

0 0.25042393461797746

0 0.2504143053249366

1 0.250424600771705

0 0.25041385917628134

1 0.250424600771705

0 0.25041385917628134

0 0.25041385917628134

0 0.25041385917628134

0 0.25041385917628134

0 0.25041385917628134

0 0.25042393461797746

0 0.25042393461797746

0 0.25042393461797746

0 0.25041385917628134

0 0.25041385917628134

1 0.250424600771705

0 0.25042393461797746

0 0.2504143053249366

1 0.25042460077170503

0 0.2504143053249366

1 0.25042460077170503

0 0.25042393461797746

0 0.25041385917628134

0 0.2504143053249366

0 0.25041385917628134

0 0.25042393461797746

0 0.2504143053249366

0 0.25041385917628134

1 0.25042460077170503

0 0.25042393461797746

0 0.25041385917628134

0 0.2504143053249366

0 0.2504143053249366

0 0.25042393461797746

0 0.25041385917628134

0 0.25042393461797746

1 0.250424600771705

1 0.250424600771705

0 0.25042393461797746

0 0.25041385917628134

1 0.250424600771705

0 0.25042393461797746

0 0.25041385917628134

1 0.250424600771705

0 0.25041385917628134

1 0.250424600771705

0 0.25042393461797746

0 0.25041385917628134

0 0.25042393461797746

0 0.25041385917628134

0 0.2504143053249366

0 0.25041385917628134

0 0.2504143053249366

0 0.25042393461797746

0 0.25042393461797746

0 0.25042393461797746

1 0.25042460077170503

0 0.25041385917628134

0 0.25042393461797746

0 0.25042393461797746

0 0.25041385917628134

0 0.2504143053249366

0 0.25041385917628134

1 0.250424600771705

1 0.25042460077170503

0 0.2504143053249366

0 0.2504143053249366

0 0.25041385917628134

0 0.2504143053249366

0 0.2504143053249366

0 0.25042393461797746

0 0.25042393461797746

0 0.25042393461797746

0 0.2504143053249366

1 0.250424600771705

