0 0.23717721606851838

0 0.26206677644899296

0 0.32682022720966647

0 0.26206677644899296

0 0.23717721606851838

0 0.32682022720966647

0 0.32682022720966647

1 0.40898053372468823

1 0.40898053372468823

1 0.40898053372468823

1 0.4089805337246882

0 0.23717721606851838

0 0.26206677644899296

0 0.32682022720966647

0 0.26206677644899296

0 0.26206677644899296

0 0.32682022720966647

0 0.26206677644899296

1 0.4089805337246882

0 0.26206677644899296

0 0.23717721606851838

1 0.40898053372468823

1 0.4089805337246882

0 0.2371772160685183

0 0.32682022720966647

0 0.23717721606851838

1 0.40898053372468823

1 0.40898053372468823

1 0.40898053372468823

1 0.40898053372468823

0 0.26206677644899296

0 0.23717721606851838

1 0.40898053372468823

1 0.40898053372468823

0 0.32682022720966647

0 0.23717721606851838

1 0.40898053372468823

0 0.23717721606851838

0 0.23717721606851838

0 0.26206677644899296

0 0.26206677644899296

0 0.3268202272096665

0 0.23717721606851838

0 0.32682022720966647

1 0.40898053372468823

0 0.23717721606851838

0 0.32682022720966647

0 0.32682022720966647

1 0.40898053372468823

0 0.23717721606851838

0 0.26206677644899284

0 0.26206677644899296

1 0.40898053372468823

0 0.23717721606851838

1 0.40898053372468823

1 0.40898053372468823

1 0.4089805337246882

1 0.4089805337246882

0 0.26206677644899296

0 0.23717721606851838

0 0.3268202272096665

0 0.32682022720966647

0 0.32682022720966647

0 0.3268202272096665

0 0.26206677644899296

0 0.23717721606851838

1 0.40898053372468823

0 0.2620667764489929

1 0.40898053372468823

0 0.26206677644899296

1 0.40898053372468823

1 0.4089805337246882

0 0.23717721606851838

0 0.23717721606851838

0 0.32682022720966647

0 0.26206677644899284

0 0.23717721606851838

0 0.23717721606851838

0 0.23717721606851838

0 0.26206677644899296

1 0.4089805337246882

0 0.32682022720966647

0 0.23717721606851838

0 0.32682022720966647

1 0.40898053372468823

0 0.23717721606851838

0 0.32682022720966647

0 0.32682022720966647

1 0.40898053372468823

0 0.23717721606851838

1 0.40898053372468823

0 0.26206677644899296

0 0.23717721606851838

1 0.4089805337246882

1 0.40898053372468823

0 0.32682022720966647

0 0.23717721606851838

0 0.26206677644899296

0 0.26206677644899284

0 0.26206677644899296

