1 0.2565499376752882

0 0.2555050291408159

1 0.2565499376752882

0 0.25560687558465855

0 0.2563369197519263

0 0.2555050291408159

0 0.2563369197519263

0 0.2563369197519263

0 0.2555050291408159

0 0.2563369197519263

0 0.2563369197519263

0 0.25560687558465855

0 0.2563369197519263

1 0.2565499376752882

0 0.2563369197519263

0 0.2556068755846585

1 0.2565499376752882

0 0.2555050291408159

1 0.2565499376752882

1 0.2565499376752882

0 0.2563369197519263

0 0.2556068755846585

0 0.2555050291408159

1 0.2565499376752882

0 0.2563369197519263

0 0.2555050291408159

0 0.2555050291408159

1 0.2565499376752882

0 0.25560687558465855

0 0.2556068755846585

0 0.2556068755846585

0 0.2556068755846585

1 0.2565499376752882

0 0.2556068755846585

0 0.2556068755846585

0 0.2555050291408159

1 0.2565499376752882

0 0.2556068755846585

0 0.2555050291408159

0 0.2556068755846585

0 0.25560687558465855

0 0.2556068755846585

0 0.2556068755846585

1 0.2565499376752882

0 0.2556068755846585

0 0.2555050291408159

1 0.2565499376752882

0 0.2556068755846585

0 0.25560687558465855

1 0.2565499376752882

1 0.2565499376752882

0 0.2563369197519263

0 0.2555050291408159

0 0.2556068755846585

0 0.2556068755846585

0 0.2555050291408159

0 0.2555050291408159

0 0.2563369197519263

0 0.25560687558465855

1 0.2565499376752882

0 0.2555050291408159

0 0.2563369197519263

0 0.25560687558465855

0 0.2563369197519263

0 0.25560687558465855

0 0.2555050291408159

1 0.2565499376752882

0 0.2556068755846585

0 0.2563369197519263

0 0.2556068755846585

0 0.25560687558465855

0 0.2563369197519263

0 0.25560687558465855

0 0.2556068755846585

1 0.2565499376752882

1 0.2565499376752882

0 0.2563369197519263

1 0.2565499376752882

0 0.2555050291408159

1 0.2565499376752882

1 0.2565499376752882

0 0.2563369197519263

0 0.2555050291408159

0 0.2563369197519263

0 0.2563369197519263

0 0.2555050291408159

0 0.2555050291408159

0 0.25560687558465855

0 0.2555050291408159

0 0.2563369197519263

0 0.2563369197519263

0 0.2563369197519263

0 0.2555050291408159

1 0.2565499376752882

0 0.2555050291408159

0 0.2556068755846585

0 0.2563369197519263

0 0.2555050291408159

0 0.2563369197519263

0 0.2556068755846585

