0 0.2707677187800718

1 0.32360274858058824

0 0.26235578604648246

0 0.2707677187800718

0 0.29806787909203697

0 0.26235578604648246

1 0.32360274858058824

0 0.298067879092037

0 0.29806787909203697

1 0.3236027485805881

0 0.26235578604648246

0 0.26235578604648246

0 0.29806787909203697

0 0.2707677187800718

1 0.32360274858058824

1 0.3236027485805883

0 0.26235578604648246

0 0.2980678790920369

0 0.29806787909203697

0 0.26235578604648246

0 0.26235578604648246

1 0.32360274858058824

1 0.32360274858058824

1 0.32360274858058824

1 0.32360274858058824

0 0.29806787909203697

0 0.26235578604648246

1 0.32360274858058824

0 0.2707677187800718

0 0.26235578604648246

0 0.26235578604648246

0 0.29806787909203697

0 0.2707677187800718

0 0.29806787909203697

0 0.26235578604648246

0 0.2707677187800718

0 0.2707677187800718

0 0.298067879092037

1 0.3236027485805883

0 0.26235578604648246

0 0.26235578604648246

1 0.3236027485805883

1 0.3236027485805883

1 0.32360274858058824

0 0.26235578604648246

1 0.32360274858058824

0 0.26235578604648246

0 0.26235578604648246

0 0.29806787909203697

0 0.26235578604648246

0 0.26235578604648246

0 0.29806787909203697

0 0.26235578604648246

1 0.3236027485805883

0 0.26235578604648246

0 0.2707677187800718

0 0.2980678790920369

0 0.2980678790920369

1 0.32360274858058824

0 0.2707677187800718

0 0.2707677187800718

0 0.29806787909203697

0 0.298067879092037

1 0.32360274858058824

1 0.32360274858058824

0 0.2707677187800718

0 0.26235578604648246

1 0.32360274858058824

0 0.2707677187800718

0 0.2707677187800718

1 0.32360274858058824

1 0.32360274858058824

1 0.32360274858058824

0 0.29806787909203697

1 0.32360274858058824

1 0.32360274858058824

0 0.2707677187800718

0 0.2707677187800718

1 0.32360274858058824

1 0.32360274858058824

0 0.2707677187800718

0 0.2707677187800718

0 0.2707677187800718

1 0.32360274858058824

0 0.2707677187800718

1 0.3236027485805883

0 0.2707677187800718

1 0.3236027485805883

0 0.2707677187800718

0 0.2707677187800718

0 0.26235578604648246

1 0.3236027485805881

0 0.2707677187800718

1 0.32360274858058824

0 0.2980678790920369

0 0.2980678790920369

1 0.3236027485805883

1 0.32360274858058824

1 0.3236027485805883

1 0.3236027485805883

