0 0.25251788586144075

0 0.25238038676691976

0 0.25238038676691976

0 0.25251788586144075

0 0.25238038676691976

0 0.25239218970228244

0 0.25251788586144075

0 0.25239218970228244

1 0.252539903473479

1 0.252539903473479

0 0.25238038676691976

0 0.25238038676691976

0 0.25239218970228244

0 0.25239218970228244

0 0.25251788586144075

0 0.2523921897022824

0 0.25238038676691976

1 0.252539903473479

0 0.25239218970228244

0 0.25238038676691976

0 0.2523921897022824

0 0.25251788586144075

0 0.2523921897022824

0 0.25238038676691976

0 0.25251788586144075

0 0.2523921897022824

0 0.25251788586144075

1 0.252539903473479

0 0.25251788586144075

1 0.252539903473479

1 0.252539903473479

1 0.252539903473479

0 0.2523921897022824

0 0.25251788586144075

1 0.252539903473479

0 0.2523921897022824

0 0.25239218970228244

0 0.25238038676691976

1 0.252539903473479

1 0.252539903473479

0 0.25238038676691976

0 0.25251788586144075

1 0.252539903473479

0 0.2523921897022824

0 0.25251788586144075

0 0.25251788586144075

0 0.25251788586144075

1 0.252539903473479

0 0.2523921897022824

0 0.25239218970228244

0 0.25251788586144075

0 0.25238038676691976

1 0.252539903473479

0 0.25251788586144075

0 0.25238038676691976

0 0.25251788586144075

0 0.25251788586144075

0 0.25238038676691976

0 0.2523921897022824

0 0.25239218970228244

1 0.252539903473479

0 0.2523921897022824

0 0.25239218970228244

0 0.25239218970228244

0 0.25238038676691976

0 0.25251788586144075

0 0.25251788586144075

0 0.25238038676691976

0 0.25238038676691976

0 0.25239218970228244

0 0.2523921897022824

1 0.252539903473479

0 0.25239218970228244

0 0.25251788586144075

0 0.25238038676691976

0 0.25251788586144075

0 0.25251788586144075

0 0.25239218970228244

0 0.25251788586144075

0 0.25239218970228244

1 0.252539903473479

0 0.25251788586144075

0 0.25251788586144075

0 0.25251788586144075

0 0.25239218970228244

0 0.25251788586144075

1 0.252539903473479

0 0.25238038676691976

0 0.2523921897022824

0 0.25251788586144075

0 0.25251788586144075

0 0.25251788586144075

1 0.252539903473479

0 0.25251788586144075

1 0.252539903473479

1 0.252539903473479

0 0.25238038676691976

0 0.2523921897022824

0 0.25239218970228244

0 0.25238038676691976

