1 0.2507850876179667

1 0.2507850876179667

0 0.25077106454906173

1 0.2507850876179667

1 0.2507850876179667

0 0.2507838890023783

1 0.2507850876179667

0 0.2507838890023783

0 0.2507710645490617

0 0.25077035849254775

0 0.25077035849254775

0 0.2507838890023783

0 0.25077035849254775

0 0.25077106454906173

1 0.2507850876179667

0 0.25077106454906173

1 0.2507850876179667

1 0.2507850876179667

1 0.2507850876179667

0 0.25077106454906173

0 0.25077106454906173

0 0.2507838890023783

0 0.25077106454906173

1 0.2507850876179667

1 0.2507850876179667

1 0.2507850876179667

0 0.2507710645490617

0 0.2507838890023783

0 0.2507710645490617

1 0.2507850876179667

0 0.25077106454906173

0 0.25077035849254775

0 0.2507838890023783

0 0.2507710645490617

0 0.2507838890023783

1 0.2507850876179667

0 0.2507710645490617

1 0.2507850876179667

0 0.2507710645490617

0 0.2507838890023783

0 0.2507838890023783

1 0.2507850876179667

0 0.25077106454906173

0 0.2507838890023783

1 0.2507850876179667

0 0.25077035849254775

1 0.2507850876179667

0 0.2507710645490617

0 0.2507710645490617

1 0.2507850876179667

0 0.25077035849254775

1 0.2507850876179667

0 0.2507710645490617

1 0.2507850876179667

0 0.2507710645490617

0 0.25077106454906173

0 0.2507838890023783

0 0.2507710645490617

1 0.2507850876179667

1 0.2507850876179667

0 0.25077106454906173

0 0.2507838890023783

0 0.2507838890023783

0 0.2507838890023783

0 0.25077035849254775

0 0.25077035849254775

0 0.25077035849254775

0 0.2507710645490617

0 0.2507838890023783

0 0.2507710645490617

0 0.25077035849254775

0 0.2507838890023783

1 0.2507850876179667

0 0.2507838890023783

0 0.25077035849254775

0 0.2507710645490617

1 0.2507850876179667

0 0.2507838890023783

0 0.2507838890023783

0 0.25077035849254775

1 0.2507850876179667

0 0.2507838890023783

1 0.2507850876179667

0 0.2507838890023783

0 0.25077106454906173

0 0.2507838890023783

0 0.25077106454906173

0 0.2507710645490617

0 0.25077106454906173

0 0.25077035849254775

0 0.2507838890023783

0 0.25077035849254775

0 0.2507710645490617

0 0.2507710645490617

0 0.2507838890023783

0 0.25077106454906173

0 0.2507710645490617

0 0.2507838890023783

1 0.2507850876179667

0 0.2507838890023783

