1 0.5760869565217392

1 0.5760869565217392

1 0.5760869565217392

0 0.35

1 0.5760869565217392

1 0.5760869565217392

0 0.15

1 0.5760869565217392

0 0.21511627906976746

0 0.35

0 0.14999999999999997

0 0.21511627906976746

0 0.35

0 0.35

0 0.35

0 0.15

0 0.2151162790697674

0 0.35

0 0.35

1 0.5760869565217392

0 0.14999999999999997

0 0.21511627906976746

0 0.21511627906976746

0 0.14999999999999997

0 0.35

0 0.35

1 0.5760869565217392

1 0.5760869565217392

0 0.14999999999999997

1 0.5760869565217392

0 0.35

0 0.15

1 0.5760869565217392

0 0.14999999999999997

0 0.21511627906976746

1 0.5760869565217392

0 0.15

0 0.2151162790697674

1 0.5760869565217392

1 0.5760869565217392

0 0.15

1 0.5760869565217392

0 0.14999999999999997

0 0.21511627906976746

0 0.14999999999999997

1 0.5760869565217392

0 0.21511627906976746

1 0.5760869565217392

1 0.5760869565217392

0 0.14999999999999997

1 0.5760869565217392

1 0.5760869565217392

0 0.21511627906976746

0 0.35

1 0.5760869565217392

0 0.21511627906976746

0 0.2151162790697674

0 0.35

0 0.14999999999999997

1 0.5760869565217392

0 0.35

0 0.14999999999999997

1 0.5760869565217392

0 0.35

0 0.14999999999999997

0 0.15

0 0.14999999999999997

0 0.35

0 0.35

0 0.21511627906976746

0 0.21511627906976746

0 0.2151162790697674

1 0.5760869565217392

1 0.5760869565217392

0 0.21511627906976746

1 0.5760869565217392

1 0.5760869565217392

0 0.35

1 0.5760869565217392

0 0.35

0 0.35

0 0.35

0 0.15

1 0.5760869565217392

1 0.5760869565217392

0 0.14999999999999997

1 0.5760869565217392

0 0.14999999999999997

0 0.35

0 0.14999999999999997

0 0.35

1 0.5760869565217392

0 0.21511627906976746

1 0.5760869565217392

1 0.5760869565217392

0 0.14999999999999997

0 0.35

0 0.35

0 0.15

0 0.21511627906976746

