0 0.2669615884685784

1 0.2835198556864186

1 0.2835198556864185

1 0.2835198556864185

1 0.2835198556864185

0 0.2645188676914682

0 0.27691339996825803

0 0.2669615884685784

1 0.2835198556864185

0 0.26451886769146826

0 0.27691339996825803

0 0.2669615884685784

1 0.2835198556864185

0 0.26451886769146826

0 0.2669615884685784

0 0.2645188676914682

0 0.2669615884685784

0 0.27691339996825803

0 0.2669615884685784

0 0.27691339996825803

1 0.2835198556864186

0 0.2669615884685784

0 0.26451886769146826

0 0.27691339996825803

0 0.2669615884685784

0 0.27691339996825803

1 0.2835198556864185

0 0.2645188676914682

1 0.2835198556864186

0 0.2669615884685784

0 0.26451886769146826

0 0.2669615884685784

0 0.26451886769146826

1 0.2835198556864186

0 0.2645188676914682

1 0.2835198556864186

0 0.27691339996825803

1 0.2835198556864185

1 0.2835198556864185

0 0.27691339996825803

1 0.2835198556864185

0 0.2645188676914682

0 0.27691339996825803

1 0.2835198556864186

0 0.26451886769146826

1 0.2835198556864185

1 0.2835198556864185

0 0.2645188676914682

0 0.27691339996825803

0 0.27691339996825803

1 0.2835198556864185

0 0.26451886769146826

0 0.27691339996825803

1 0.2835198556864185

0 0.27691339996825803

0 0.27691339996825803

0 0.2645188676914682

0 0.2669615884685784

0 0.2669615884685784

0 0.26451886769146826

1 0.2835198556864186

0 0.27691339996825803

0 0.2669615884685784

0 0.2645188676914682

0 0.2669615884685784

0 0.26451886769146826

0 0.2669615884685784

0 0.2669615884685784

1 0.2835198556864185

0 0.2669615884685784

0 0.2669615884685784

0 0.26451886769146826

0 0.2645188676914682

0 0.2669615884685784

0 0.2669615884685784

0 0.27691339996825803

0 0.2669615884685784

0 0.26451886769146826

0 0.2669615884685784

1 0.2835198556864186

1 0.2835198556864185

0 0.26451886769146826

0 0.2669615884685784

0 0.27691339996825803

0 0.26451886769146826

0 0.2645188676914682

0 0.2645188676914682

1 0.2835198556864185

1 0.2835198556864186

0 0.2669615884685784

0 0.27691339996825803

0 0.2669615884685784

1 0.2835198556864185

0 0.26451886769146826

0 0.2645188676914682

0 0.27691339996825803

0 0.2645188676914682

0 0.2669615884685784

0 0.27691339996825803

0 0.2669615884685784

