0 0.2637539157432219

1 0.2651239377217486

1 0.2651239377217486

1 0.2651239377217486

0 0.2607208455374597

0 0.2637539157432219

1 0.2651239377217486

0 0.260144249177905

0 0.260144249177905

0 0.2637539157432219

0 0.26072084553745967

0 0.2637539157432219

0 0.26072084553745967

0 0.2637539157432219

1 0.2651239377217486

0 0.26072084553745967

0 0.2637539157432219

0 0.2607208455374597

0 0.260144249177905

1 0.2651239377217486

0 0.2607208455374597

0 0.2607208455374597

0 0.260144249177905

1 0.2651239377217486

0 0.260144249177905

1 0.2651239377217486

0 0.2637539157432219

1 0.2651239377217486

0 0.260144249177905

0 0.2607208455374597

0 0.260144249177905

1 0.2651239377217486

0 0.260144249177905

0 0.2607208455374597

1 0.2651239377217486

0 0.2637539157432219

0 0.26072084553745967

0 0.2607208455374597

0 0.26072084553745967

0 0.2637539157432219

0 0.2637539157432219

0 0.2637539157432219

0 0.2637539157432219

0 0.2637539157432219

0 0.26072084553745967

0 0.260144249177905

1 0.2651239377217486

1 0.2651239377217486

0 0.26072084553745967

0 0.26072084553745967

0 0.26072084553745967

1 0.2651239377217486

1 0.2651239377217486

1 0.2651239377217486

1 0.2651239377217486

0 0.2637539157432219

0 0.26072084553745967

1 0.2651239377217486

0 0.260144249177905

0 0.260144249177905

0 0.2637539157432219

1 0.2651239377217486

0 0.2637539157432219

0 0.2637539157432219

1 0.2651239377217486

0 0.2607208455374597

1 0.2651239377217486

0 0.2637539157432219

1 0.2651239377217486

1 0.2651239377217486

0 0.26072084553745967

0 0.2637539157432219

1 0.2651239377217486

0 0.2607208455374597

0 0.260144249177905

1 0.2651239377217486

0 0.260144249177905

0 0.260144249177905

0 0.260144249177905

0 0.260144249177905

0 0.26072084553745967

1 0.2651239377217486

0 0.260144249177905

1 0.2651239377217486

0 0.260144249177905

0 0.2637539157432219

0 0.2637539157432219

0 0.2637539157432219

0 0.2637539157432219

0 0.2637539157432219

0 0.260144249177905

0 0.260144249177905

1 0.2651239377217486

0 0.2607208455374597

0 0.26072084553745967

0 0.260144249177905

0 0.2607208455374597

0 0.26072084553745967

0 0.2637539157432219

0 0.2607208455374597

