0 0.25015385158746545

0 0.2501538515874655

0 0.2501533318972116

0 0.2501533446841034

0 0.25015385158746545

0 0.25015385158746545

1 0.25015387183070975

0 0.25015385158746545

0 0.2501533318972117

1 0.25015387183070975

0 0.2501533318972116

0 0.2501533318972117

0 0.2501533318972117

0 0.2501538515874655

0 0.2501533446841034

0 0.2501533446841034

0 0.25015385158746545

0 0.2501533446841034

0 0.2501533318972117

1 0.25015387183070975

0 0.25015385158746545

0 0.25015385158746545

0 0.2501533446841034

1 0.25015387183070975

0 0.25015385158746545

0 0.25015385158746545

0 0.2501538515874655

0 0.2501533446841034

1 0.25015387183070975

0 0.2501533446841034

1 0.25015387183070975

0 0.2501533446841034

0 0.2501538515874655

0 0.2501533446841034

0 0.25015385158746545

0 0.2501533446841034

0 0.25015385158746545

0 0.2501533446841034

1 0.25015387183070975

0 0.2501533318972117

0 0.25015385158746545

0 0.2501538515874655

1 0.25015387183070975

0 0.2501538515874655

0 0.2501533446841034

0 0.2501533318972116

0 0.2501538515874655

0 0.2501538515874655

1 0.25015387183070975

0 0.2501533318972117

1 0.25015387183070975

0 0.2501538515874655

1 0.25015387183070975

1 0.25015387183070975

0 0.2501533446841034

0 0.2501533318972116

0 0.2501533318972116

0 0.2501538515874655

0 0.25015385158746545

0 0.2501533318972116

0 0.2501533318972116

0 0.2501533446841034

0 0.25015385158746545

1 0.25015387183070975

1 0.25015387183070975

1 0.25015387183070975

1 0.25015387183070975

1 0.25015387183070975

0 0.2501538515874655

1 0.25015387183070975

0 0.2501533318972117

0 0.2501533318972116

0 0.2501533446841034

0 0.2501533318972117

0 0.2501533318972117

0 0.25015385158746545

0 0.2501533318972117

0 0.2501538515874655

0 0.2501538515874655

0 0.2501533446841034

0 0.2501538515874655

0 0.2501533446841034

1 0.25015387183070975

0 0.2501533446841034

0 0.25015385158746545

1 0.25015387183070975

0 0.2501533318972117

0 0.2501533446841034

0 0.2501533318972117

0 0.2501533446841034

0 0.2501533318972117

0 0.2501533446841034

0 0.2501533446841034

0 0.2501533446841034

1 0.25015387183070975

0 0.2501533318972117

1 0.25015387183070975

1 0.25015387183070975

0 0.25015385158746545

1 0.25015387183070975

