1 0.2500096010153136

1 0.2500096010153136

0 0.2500095989879979

0 0.2500095990008144

0 0.25000960099587405

0 0.250009600995874

0 0.2500095989879979

0 0.25000959898799785

0 0.250009600995874

0 0.25000960099587405

1 0.2500096010153136

0 0.2500095990008143

0 0.25000959898799785

0 0.25000960099587405

0 0.250009600995874

0 0.2500095989879979

0 0.2500095990008143

0 0.25000959898799785

0 0.2500095990008143

0 0.25000960099587405

0 0.25000959898799785

0 0.25000960099587405

0 0.2500095990008144

0 0.25000959898799785

0 0.2500095989879979

1 0.2500096010153136

0 0.25000959898799785

0 0.2500095990008144

1 0.25000960101531366

0 0.2500095990008143

0 0.2500095990008143

0 0.25000960099587405

1 0.2500096010153136

1 0.2500096010153136

1 0.25000960101531366

0 0.25000960099587405

1 0.2500096010153136

0 0.250009600995874

0 0.2500095990008143

1 0.2500096010153136

0 0.25000960099587405

0 0.25000960099587405

1 0.2500096010153136

0 0.250009600995874

1 0.2500096010153136

0 0.2500095989879979

1 0.2500096010153136

0 0.25000959898799785

0 0.25000960099587405

0 0.25000960099587405

0 0.2500095989879979

1 0.2500096010153136

0 0.25000959898799785

0 0.25000960099587405

0 0.2500095990008144

0 0.25000959898799785

0 0.2500095989879979

0 0.2500095990008143

0 0.250009600995874

0 0.2500095989879979

0 0.25000960099587405

1 0.2500096010153136

0 0.25000960099587405

0 0.250009600995874

0 0.2500095989879979

0 0.2500095989879979

0 0.25000960099587405

1 0.2500096010153136

1 0.2500096010153136

0 0.2500095990008143

0 0.2500095990008144

0 0.2500095990008143

1 0.2500096010153136

0 0.250009600995874

0 0.25000959898799785

0 0.2500095990008144

1 0.2500096010153136

1 0.2500096010153136

0 0.250009600995874

0 0.2500095990008143

0 0.2500095990008144

0 0.250009600995874

0 0.25000960099587405

0 0.2500095990008143

0 0.250009600995874

0 0.2500095989879979

0 0.2500095990008144

0 0.25000960099587405

0 0.25000959898799785

0 0.25000959898799785

1 0.2500096010153136

1 0.2500096010153136

1 0.2500096010153136

0 0.2500095990008144

0 0.2500095990008144

0 0.250009600995874

0 0.25000959898799785

0 0.2500095989879979

1 0.2500096010153136

0 0.25000959898799785

