1 0.2502503450951636

0 0.2502496789042307

0 0.2502496789042307

0 0.2502496789042307

1 0.2502503450951636

1 0.2502503450951636

0 0.25025031394412667

0 0.2502496620552891

0 0.2502496620552891

0 0.2502496620552891

1 0.2502503450951636

0 0.25025031394412667

0 0.2502496789042307

0 0.2502496620552891

0 0.25024966205528903

0 0.25025031394412667

0 0.2502496789042307

1 0.2502503450951636

0 0.2502496789042307

0 0.2502496620552891

0 0.2502496789042307

0 0.25025031394412667

1 0.2502503450951636

0 0.25025031394412667

0 0.2502496620552891

0 0.2502496620552891

0 0.2502496789042307

0 0.2502496620552891

1 0.2502503450951636

0 0.2502496620552891

1 0.2502503450951636

0 0.25025031394412667

0 0.2502496789042307

1 0.2502503450951636

1 0.2502503450951636

1 0.2502503450951636

0 0.2502496620552891

1 0.2502503450951636

0 0.2502496789042307

0 0.25025031394412667

0 0.2502496789042307

0 0.2502496620552891

0 0.25025031394412667

0 0.25025031394412667

1 0.2502503450951636

0 0.2502496620552891

0 0.2502496789042307

0 0.25025031394412667

0 0.2502496620552891

0 0.2502496789042307

1 0.2502503450951636

0 0.2502496620552891

0 0.25025031394412667

0 0.2502496620552891

0 0.2502496789042307

0 0.2502496789042307

0 0.2502496620552891

0 0.25025031394412667

0 0.2502496620552891

0 0.25025031394412667

0 0.2502496620552891

0 0.25025031394412667

0 0.25025031394412667

0 0.2502496620552891

0 0.25025031394412667

0 0.2502496620552891

0 0.2502496789042307

0 0.2502496789042307

0 0.2502496620552891

0 0.25025031394412667

1 0.2502503450951636

0 0.2502496620552891

0 0.2502496620552891

0 0.2502496620552891

1 0.2502503450951636

1 0.2502503450951636

0 0.25025031394412667

1 0.2502503450951636

1 0.2502503450951636

0 0.2502496789042307

0 0.2502496789042307

0 0.2502496789042307

0 0.2502496789042307

0 0.25025031394412667

0 0.25025031394412667

0 0.2502496789042307

0 0.2502496789042307

1 0.2502503450951636

0 0.2502496620552891

0 0.2502496620552891

0 0.25025031394412667

0 0.2502496620552891

0 0.25025031394412667

0 0.25024967890423067

0 0.2502503139441267

1 0.25025034509516364

0 0.25025031394412667

0 0.2502496789042307

0 0.25024967890423067

0 0.25025031394412667

