0 0.27934667993738804

0 0.2918529781392867

1 0.30188088759324094

0 0.2918529781392867

0 0.27629823626576244

0 0.279346679937388

0 0.27629823626576244

1 0.30188088759324094

0 0.279346679937388

0 0.27934667993738804

0 0.27934667993738804

0 0.2918529781392866

1 0.30188088759324094

1 0.30188088759324094

0 0.2918529781392866

0 0.27629823626576244

0 0.2918529781392866

0 0.27934667993738804

1 0.30188088759324094

1 0.30188088759324094

0 0.27629823626576244

0 0.27934667993738804

0 0.279346679937388

0 0.2918529781392866

0 0.27934667993738804

0 0.2918529781392866

1 0.30188088759324094

0 0.27629823626576244

0 0.2918529781392866

0 0.2762982362657624

0 0.27629823626576244

0 0.27629823626576244

0 0.2918529781392867

0 0.27934667993738804

0 0.2918529781392866

0 0.27629823626576244

1 0.30188088759324094

0 0.27934667993738804

0 0.279346679937388

1 0.30188088759324094

0 0.27934667993738804

0 0.2918529781392867

0 0.279346679937388

0 0.2918529781392866

0 0.279346679937388

0 0.27629823626576244

0 0.2918529781392866

1 0.30188088759324094

0 0.27629823626576244

0 0.279346679937388

0 0.2762982362657624

0 0.2918529781392866

0 0.2918529781392867

0 0.27629823626576244

0 0.2762982362657624

0 0.27934667993738804

0 0.2918529781392867

0 0.279346679937388

1 0.30188088759324094

0 0.27629823626576244

1 0.30188088759324094

0 0.27629823626576244

0 0.279346679937388

1 0.30188088759324094

0 0.27629823626576244

0 0.27629823626576244

1 0.30188088759324094

1 0.30188088759324094

0 0.2918529781392866

0 0.29185297813928657

0 0.27934667993738804

1 0.30188088759324094

0 0.2918529781392866

0 0.2918529781392867

0 0.27934667993738804

0 0.2918529781392866

1 0.30188088759324094

1 0.30188088759324094

1 0.30188088759324094

0 0.2918529781392866

0 0.279346679937388

0 0.279346679937388

1 0.30188088759324094

0 0.27934667993738804

0 0.2918529781392867

0 0.279346679937388

0 0.2918529781392867

1 0.30188088759324094

0 0.27629823626576244

0 0.279346679937388

0 0.2918529781392866

1 0.30188088759324094

0 0.2918529781392866

0 0.27934667993738804

1 0.30188088759324094

1 0.30188088759324094

1 0.30188088759324094

0 0.27629823626576244

1 0.30188088759324094

1 0.30188088759324094

