0 0.2819910287424163

0 0.2487298454206956

0 0.3607382179369399

0 0.36073821793693983

0 0.24872984542069565

1 0.4783006035410721

0 0.24872984542069565

1 0.4783006035410722

1 0.4783006035410722

1 0.4783006035410722

0 0.36073821793693983

0 0.2819910287424162

1 0.4783006035410721

0 0.24872984542069565

0 0.2819910287424163

0 0.2819910287424163

0 0.36073821793693983

1 0.4783006035410721

1 0.4783006035410722

1 0.4783006035410722

0 0.2487298454206956

0 0.2487298454206956

0 0.2819910287424163

0 0.2819910287424163

1 0.4783006035410721

0 0.36073821793693983

0 0.24872984542069565

0 0.3607382179369399

0 0.2819910287424163

0 0.36073821793693983

0 0.36073821793693983

0 0.3607382179369399

0 0.2819910287424163

0 0.2819910287424163

0 0.24872984542069565

0 0.3607382179369399

1 0.4783006035410721

0 0.2487298454206956

1 0.4783006035410722

0 0.36073821793693983

1 0.4783006035410721

0 0.2487298454206956

0 0.2487298454206956

0 0.24872984542069565

0 0.24872984542069565

0 0.36073821793693983

0 0.2819910287424163

1 0.4783006035410722

1 0.4783006035410721

0 0.3607382179369399

1 0.4783006035410721

1 0.4783006035410722

0 0.2819910287424163

0 0.36073821793694

1 0.4783006035410722

0 0.2487298454206956

0 0.24872984542069565

0 0.36073821793693983

1 0.4783006035410721

0 0.24872984542069565

1 0.4783006035410722

0 0.2819910287424163

1 0.4783006035410722

0 0.2819910287424163

0 0.3607382179369399

0 0.36073821793693983

0 0.36073821793693983

0 0.3607382179369399

0 0.2819910287424163

1 0.4783006035410721

1 0.4783006035410721

1 0.4783006035410722

0 0.3607382179369399

0 0.3607382179369399

1 0.4783006035410722

0 0.2819910287424163

0 0.2487298454206956

0 0.2487298454206956

0 0.24872984542069565

0 0.36073821793693983

0 0.2819910287424163

0 0.24872984542069565

1 0.4783006035410722

0 0.24872984542069565

1 0.4783006035410721

1 0.4783006035410721

1 0.4783006035410721

1 0.4783006035410722

0 0.36073821793693983

0 0.2819910287424163

1 0.4783006035410721

0 0.36073821793693983

0 0.2819910287424163

0 0.24872984542069565

1 0.4783006035410722

0 0.2819910287424163

0 0.2487298454206956

1 0.4783006035410722

