1 0.6875

1 0.6875

0 0.21875

0 0.125

0 0.21875

0 0.21875

0 0.21875

0 0.21875

1 0.6875

1 0.6875

1 0.6875

0 0.125

1 0.6875

1 0.6875

0 0.125

0 0.125

0 0.375

0 0.375

0 0.21875

0 0.21875

1 0.6874999999999999

0 0.375

0 0.375

0 0.21875

0 0.375

0 0.375

0 0.125

0 0.375

1 0.6875

1 0.6875

1 0.6875

0 0.375

0 0.21875

1 0.6875

1 0.6875

0 0.21875

1 0.6875

0 0.21875

0 0.21875

1 0.6875

0 0.375

0 0.125

0 0.21875

0 0.125

0 0.375

0 0.375

1 0.6875

0 0.125

0 0.125

0 0.125

1 0.6875

1 0.6875

0 0.21875

1 0.6875

1 0.6875

0 0.375

0 0.21875

1 0.6875

0 0.375

1 0.6875

0 0.375

0 0.21875

1 0.6875

1 0.6875

0 0.21875

1 0.6875

0 0.375

0 0.21875

1 0.6875

0 0.375

1 0.6875

0 0.375

1 0.6875

0 0.21875

0 0.21875

0 0.125

0 0.375

1 0.6875

0 0.21875

1 0.6875

0 0.21875

1 0.6875

1 0.6875

1 0.6875

0 0.21875

1 0.6875

0 0.125

1 0.6875

1 0.6875

0 0.125

1 0.6875

1 0.6875

1 0.6875

0 0.125

1 0.6875

0 0.125

0 0.21875

0 0.375

0 0.375

0 0.21875

