0 0.25001562374914504

0 0.2500156262444184

0 0.25001562374914504

0 0.25001562374914504

0 0.25001562374914504

0 0.2500156262444184

1 0.2500156262742924

0 0.250015623732144

0 0.2500156262444184

0 0.25001562374914504

0 0.2500156262444185

0 0.25001562374914504

1 0.2500156262742924

1 0.2500156262742924

0 0.2500156262444185

0 0.2500156262444184

0 0.25001562374914504

0 0.2500156262444185

1 0.2500156262742924

1 0.2500156262742924

0 0.25001562374914504

0 0.2500156262444185

0 0.2500156262444185

0 0.250015623732144

0 0.2500156262444185

0 0.25001562374914504

1 0.2500156262742924

1 0.2500156262742924

0 0.250015623732144

0 0.25001562374914504

1 0.2500156262742924

0 0.2500156262444184

1 0.2500156262742924

1 0.2500156262742924

1 0.2500156262742924

0 0.2500156262444185

1 0.2500156262742924

0 0.2500156262444184

0 0.2500156262444185

0 0.2500156262444184

0 0.2500156262444184

0 0.250015623732144

1 0.2500156262742924

0 0.25001562374914504

0 0.25001562374914504

0 0.2500156262444185

0 0.25001562374914504

0 0.25001562374914504

0 0.250015623732144

0 0.25001562374914504

0 0.2500156262444185

1 0.2500156262742924

0 0.25001562374914504

0 0.25001562374914504

0 0.2500156262444185

0 0.25001562374914504

0 0.250015623732144

0 0.25001562374914504

1 0.2500156262742924

1 0.2500156262742924

1 0.2500156262742924

0 0.25001562374914504

0 0.250015623732144

1 0.2500156262742924

0 0.250015623732144

0 0.25001562374914504

0 0.2500156262444184

0 0.25001562374914504

1 0.2500156262742924

0 0.2500156262444185

0 0.250015623732144

1 0.2500156262742924

0 0.250015623732144

0 0.25001562374914504

0 0.25001562373214403

0 0.2500156262444184

0 0.250015623732144

0 0.250015623732144

0 0.250015623732144

0 0.250015623732144

0 0.2500156262444185

1 0.2500156262742924

0 0.2500156262444185

0 0.25001562374914504

1 0.2500156262742924

1 0.2500156262742924

1 0.2500156262742924

0 0.2500156262444185

0 0.250015623732144

0 0.2500156262444185

1 0.2500156262742924

0 0.2500156262444185

0 0.25001562374914504

1 0.2500156262742924

0 0.2500156262444185

1 0.2500156262742924

0 0.25001562374914504

1 0.2500156262742924

1 0.2500156262742924

0 0.25001562374914504

