0 0.3226770067416698

0 0.2887351546755913

0 0.2780315341635019

1 0.3605643431264748

0 0.32267700674166977

0 0.2780315341635019

1 0.3605643431264748

0 0.3226770067416698

0 0.32267700674166977

0 0.2780315341635019

0 0.28873515467559135

0 0.2887351546755914

0 0.2780315341635019

0 0.2887351546755913

0 0.2780315341635019

0 0.2780315341635019

0 0.2780315341635019

0 0.27803153416350185

0 0.32267700674166977

0 0.32267700674166977

0 0.2887351546755913

0 0.3226770067416698

0 0.2887351546755914

0 0.2780315341635019

1 0.36056434312647484

0 0.32267700674166977

0 0.2887351546755913

1 0.3605643431264748

1 0.3605643431264748

0 0.2887351546755914

0 0.27803153416350185

1 0.36056434312647484

1 0.36056434312647484

0 0.27803153416350185

0 0.2780315341635019

0 0.3226770067416698

0 0.3226770067416698

1 0.36056434312647484

0 0.2887351546755914

0 0.2887351546755914

0 0.3226770067416698

0 0.2780315341635019

0 0.2887351546755914

0 0.2780315341635019

0 0.27803153416350185

0 0.3226770067416698

1 0.36056434312647484

0 0.2780315341635019

0 0.2887351546755914

0 0.32267700674166977

0 0.27803153416350185

0 0.32267700674166977

0 0.27803153416350185

0 0.3226770067416698

0 0.2887351546755914

0 0.2780315341635019

0 0.2887351546755913

0 0.2887351546755913

0 0.2887351546755914

0 0.2887351546755913

0 0.27803153416350185

1 0.3605643431264748

0 0.3226770067416698

0 0.2887351546755914

1 0.36056434312647484

0 0.2780315341635019

1 0.3605643431264748

0 0.32267700674166977

0 0.32267700674166977

0 0.2887351546755914

0 0.32267700674166977

0 0.2887351546755913

0 0.2887351546755913

0 0.2780315341635019

0 0.2887351546755914

0 0.32267700674166977

1 0.36056434312647484

0 0.2780315341635019

0 0.2887351546755913

0 0.27803153416350185

0 0.2887351546755913

0 0.3226770067416698

0 0.3226770067416698

0 0.2887351546755914

0 0.2887351546755913

0 0.32267700674166977

0 0.2780315341635019

1 0.36056434312647484

0 0.2887351546755914

0 0.2887351546755914

0 0.2887351546755913

0 0.2780315341635019

0 0.2780315341635019

0 0.2887351546755914

0 0.2780315341635019

0 0.2887351546755913

0 0.2780315341635019

1 0.3605643431264748

0 0.32267700674166977

1 0.36056434312647484

