0 0.260175486953326

0 0.2591255976461935

1 0.2605040102078017

0 0.2592544713468792

0 0.2592544713468792

0 0.260175486953326

1 0.2605040102078017

1 0.2605040102078017

0 0.2592544713468792

0 0.260175486953326

0 0.260175486953326

0 0.2591255976461935

0 0.2592544713468792

0 0.2592544713468792

1 0.2605040102078017

1 0.2605040102078017

1 0.2605040102078017

0 0.260175486953326

0 0.2592544713468792

1 0.2605040102078017

0 0.260175486953326

0 0.260175486953326

0 0.2592544713468792

0 0.2592544713468792

1 0.2605040102078017

1 0.2605040102078017

0 0.2591255976461935

1 0.2605040102078017

0 0.2591255976461935

0 0.2592544713468792

0 0.2592544713468792

0 0.2591255976461935

0 0.2592544713468792

1 0.2605040102078017

1 0.2605040102078017

1 0.2605040102078017

0 0.2592544713468792

1 0.2605040102078017

0 0.2591255976461935

1 0.2605040102078017

0 0.2592544713468792

0 0.2592544713468792

0 0.260175486953326

0 0.260175486953326

0 0.2591255976461935

1 0.2605040102078017

1 0.2605040102078017

0 0.2592544713468792

1 0.2605040102078017

0 0.2592544713468792

0 0.2592544713468792

0 0.2591255976461935

1 0.2605040102078017

0 0.2591255976461935

1 0.2605040102078017

0 0.260175486953326

0 0.260175486953326

0 0.260175486953326

0 0.260175486953326

0 0.2591255976461935

0 0.260175486953326

0 0.260175486953326

0 0.2592544713468792

0 0.2591255976461935

1 0.2605040102078017

0 0.2592544713468792

1 0.2605040102078017

1 0.2605040102078017

0 0.260175486953326

1 0.2605040102078017

0 0.2591255976461935

0 0.2591255976461935

0 0.260175486953326

0 0.2591255976461935

0 0.2592544713468792

1 0.2605040102078017

0 0.260175486953326

0 0.2592544713468792

0 0.260175486953326

1 0.2605040102078017

0 0.2592544713468792

1 0.2605040102078017

0 0.2591255976461935

0 0.2592544713468792

0 0.2592544713468792

1 0.2605040102078017

0 0.2592544713468792

0 0.2592544713468792

0 0.2592544713468792

0 0.2592544713468792

0 0.260175486953326

1 0.2605040102078017

1 0.2605040102078017

0 0.260175486953326

0 0.2592544713468792

0 0.2592544713468792

0 0.2591255976461935

0 0.2591255976461935

0 0.2591255976461935

1 0.2605040102078017

