0 0.25390097830302205

1 0.25410838666757085

0 0.2539161459429381

0 0.254074408558903

0 0.254074408558903

0 0.25390097830302205

0 0.254074408558903

0 0.254074408558903

0 0.254074408558903

0 0.25390097830302205

1 0.25410838666757085

0 0.2539161459429381

0 0.2539009783030221

0 0.254074408558903

0 0.25390097830302205

0 0.25390097830302205

1 0.25410838666757085

0 0.25390097830302205

1 0.25410838666757085

0 0.254074408558903

1 0.25410838666757085

0 0.254074408558903

0 0.2539161459429381

0 0.2539161459429381

0 0.254074408558903

0 0.2539161459429381

0 0.2539161459429381

1 0.25410838666757085

0 0.25390097830302205

1 0.25410838666757085

0 0.2539161459429381

0 0.2539161459429381

0 0.254074408558903

0 0.2539161459429381

0 0.2539161459429381

0 0.2539161459429381

1 0.25410838666757085

0 0.2539161459429381

0 0.25390097830302205

0 0.25390097830302205

0 0.25390097830302205

0 0.2539161459429381

0 0.25390097830302205

0 0.254074408558903

0 0.25390097830302205

1 0.25410838666757085

1 0.25410838666757085

1 0.25410838666757085

0 0.254074408558903

0 0.25390097830302205

0 0.2539161459429381

0 0.2539161459429381

1 0.25410838666757085

1 0.25410838666757085

1 0.25410838666757085

0 0.2539161459429381

1 0.25410838666757085

1 0.25410838666757085

0 0.2539161459429381

0 0.25390097830302205

0 0.25390097830302205

1 0.25410838666757085

0 0.2539161459429381

1 0.25410838666757085

0 0.25390097830302205

0 0.2539161459429381

0 0.25390097830302205

0 0.254074408558903

0 0.2539161459429381

0 0.2539161459429381

0 0.254074408558903

0 0.254074408558903

0 0.254074408558903

1 0.25410838666757085

0 0.254074408558903

0 0.254074408558903

1 0.25410838666757085

0 0.254074408558903

0 0.2539161459429381

0 0.2539161459429381

0 0.2539161459429381

0 0.254074408558903

0 0.254074408558903

0 0.254074408558903

0 0.25390097830302205

0 0.25390097830302205

0 0.2539161459429381

1 0.25410838666757085

1 0.25410838666757085

0 0.2539161459429381

0 0.254074408558903

0 0.2539009783030221

0 0.254074408558903

0 0.25390097830302205

0 0.254074408558903

0 0.25390097830302205

0 0.254074408558903

0 0.2539161459429381

1 0.25410838666757085

0 0.2539161459429381

