0 0.2718035960654602

0 0.26725632066203

1 0.27390708921514395

0 0.2718035960654602

0 0.2718035960654602

0 0.2672563206620299

1 0.27390708921514395

0 0.2679770102146372

0 0.2679770102146372

0 0.2679770102146372

1 0.273907089215144

0 0.26725632066203

0 0.26725632066203

0 0.2679770102146372

1 0.27390708921514395

0 0.2672563206620299

0 0.27180359606546023

1 0.273907089215144

0 0.2718035960654602

0 0.2679770102146372

0 0.2679770102146372

0 0.2679770102146372

0 0.2672563206620299

0 0.26725632066203

0 0.2672563206620299

0 0.2679770102146372

0 0.2679770102146372

0 0.2679770102146372

0 0.2718035960654602

0 0.2672563206620299

0 0.27180359606546023

1 0.273907089215144

0 0.2672563206620299

0 0.26725632066203

0 0.2679770102146372

0 0.27180359606546023

1 0.27390708921514395

0 0.2672563206620299

0 0.2679770102146372

0 0.2679770102146372

0 0.2718035960654602

0 0.2679770102146372

0 0.2679770102146372

0 0.27180359606546023

0 0.2679770102146372

0 0.27180359606546023

0 0.26725632066203

0 0.2718035960654602

0 0.2679770102146372

0 0.27180359606546023

1 0.27390708921514395

0 0.2679770102146372

0 0.2679770102146372

0 0.27180359606546023

0 0.26725632066203

1 0.27390708921514395

0 0.2679770102146372

0 0.2679770102146372

0 0.2718035960654602

0 0.2679770102146372

0 0.2718035960654602

0 0.2718035960654602

0 0.2672563206620299

0 0.27180359606546023

0 0.2718035960654602

0 0.2679770102146372

0 0.2672563206620299

0 0.2679770102146372

1 0.273907089215144

1 0.27390708921514395

1 0.27390708921514395

0 0.2718035960654602

0 0.2672563206620299

1 0.27390708921514395

0 0.26725632066203

1 0.273907089215144

0 0.2679770102146372

0 0.2672563206620299

0 0.26725632066203

0 0.2718035960654602

0 0.2679770102146372

0 0.2679770102146372

0 0.2672563206620299

0 0.2679770102146372

0 0.27180359606546023

0 0.27180359606546023

0 0.2679770102146372

1 0.27390708921514395

0 0.26725632066203

0 0.2679770102146372

0 0.27180359606546023

0 0.2672563206620299

0 0.2672563206620299

0 0.26725632066203

0 0.2679770102146372

0 0.27180359606546023

1 0.27390708921514395

0 0.26725632066203

0 0.2679770102146372

0 0.2718035960654603

