0 0.25125734054503984

0 0.2512564202351436

0 0.25127344542456165

1 0.2512752930032625

0 0.25125734054503984

0 0.2512564202351436

0 0.25127344542456165

0 0.25127344542456165

0 0.2512564202351436

1 0.2512752930032625

1 0.2512752930032625

0 0.25125734054503984

0 0.25125734054503984

0 0.25125734054503984

0 0.25125734054503984

0 0.25125734054503984

1 0.2512752930032625

0 0.25127344542456165

0 0.2512564202351436

0 0.2512564202351436

1 0.2512752930032625

1 0.2512752930032625

0 0.25127344542456165

0 0.2512564202351436

0 0.2512564202351436

1 0.2512752930032625

0 0.25127344542456165

0 0.25125734054503984

0 0.2512734454245616

0 0.2512564202351436

1 0.2512752930032625

0 0.25127344542456165

0 0.25125734054503984

1 0.2512752930032625

1 0.2512752930032625

1 0.2512752930032625

0 0.2512564202351436

0 0.25125734054503984

0 0.2512564202351436

1 0.2512752930032625

1 0.2512752930032625

0 0.25125734054503984

0 0.2512564202351436

0 0.25127344542456165

1 0.2512752930032625

0 0.25127344542456165

0 0.2512734454245616

0 0.25127344542456165

0 0.2512734454245616

0 0.2512734454245616

0 0.2512564202351436

0 0.25127344542456165

0 0.2512734454245616

1 0.2512752930032625

1 0.2512752930032625

0 0.2512734454245616

1 0.2512752930032625

0 0.2512564202351436

1 0.2512752930032625

0 0.25125734054503984

0 0.2512734454245616

0 0.2512734454245616

1 0.2512752930032625

0 0.25127344542456165

0 0.2512564202351436

1 0.2512752930032625

0 0.2512564202351436

1 0.2512752930032625

0 0.2512564202351436

0 0.2512564202351436

0 0.2512564202351436

0 0.2512564202351436

1 0.2512752930032625

0 0.2512564202351436

0 0.2512564202351436

0 0.2512564202351436

0 0.2512564202351436

0 0.2512564202351436

0 0.25125734054503984

0 0.2512734454245616

0 0.2512564202351436

0 0.25125734054503984

0 0.25127344542456165

0 0.25125734054503984

0 0.25125734054503984

0 0.25125734054503984

0 0.2512564202351436

0 0.2512734454245616

0 0.25125734054503984

1 0.2512752930032625

0 0.2512564202351436

1 0.2512752930032625

0 0.2512564202351436

0 0.25125734054503984

0 0.25125734054503984

0 0.25125734054503984

0 0.25127344542456165

0 0.25125734054503984

1 0.2512752930032625

0 0.25127344542456165

