0 0.2710556816098409

0 0.27105568160984095

0 0.30947067785788346

0 0.27105568160984095

0 0.30947067785788335

0 0.30947067785788346

1 0.5511121939791972

0 0.30947067785788335

0 0.30947067785788346

0 0.30947067785788335

0 0.30947067785788346

1 0.5511121939791972

0 0.30947067785788346

0 0.4039520786059857

0 0.4039520786059857

0 0.30947067785788346

1 0.5511121939791972

0 0.4039520786059857

1 0.5511121939791972

0 0.30947067785788335

1 0.5511121939791972

0 0.4039520786059857

0 0.2710556816098409

1 0.5511121939791972

1 0.5511121939791972

0 0.30947067785788346

1 0.5511121939791973

0 0.2710556816098409

0 0.30947067785788335

0 0.4039520786059857

0 0.2710556816098409

1 0.5511121939791972

1 0.5511121939791972

0 0.27105568160984095

0 0.27105568160984095

0 0.4039520786059857

0 0.2710556816098409

1 0.5511121939791972

0 0.4039520786059857

0 0.4039520786059857

1 0.5511121939791973

1 0.5511121939791973

0 0.27105568160984095

0 0.30947067785788346

0 0.30947067785788346

0 0.4039520786059857

0 0.30947067785788346

0 0.30947067785788346

1 0.5511121939791973

0 0.4039520786059857

1 0.5511121939791972

0 0.27105568160984095

0 0.30947067785788346

0 0.30947067785788346

1 0.5511121939791972

0 0.27105568160984095

1 0.5511121939791972

1 0.5511121939791972

0 0.2710556816098409

0 0.4039520786059857

0 0.30947067785788346

0 0.30947067785788346

0 0.4039520786059857

1 0.5511121939791972

1 0.5511121939791973

1 0.5511121939791972

0 0.4039520786059857

1 0.5511121939791973

0 0.4039520786059857

0 0.2710556816098409

1 0.5511121939791972

1 0.5511121939791972

0 0.30947067785788335

0 0.27105568160984095

0 0.30947067785788346

0 0.2710556816098409

0 0.2710556816098409

0 0.30947067785788335

0 0.30947067785788335

1 0.5511121939791972

0 0.4039520786059857

0 0.2710556816098409

0 0.2710556816098409

0 0.2710556816098409

0 0.30947067785788346

1 0.5511121939791973

1 0.5511121939791972

1 0.5511121939791972

0 0.27105568160984095

0 0.4039520786059857

0 0.4039520786059857

1 0.5511121939791974

0 0.30947067785788346

0 0.30947067785788346

0 0.4039520786059857

0 0.27105568160984095

0 0.30947067785788335

0 0.30947067785788346

0 0.2710556816098409

0 0.2710556816098409

