0 0.29244436214859165

1 0.32448972623133715

0 0.29244436214859165

0 0.29244436214859165

1 0.32448972623133715

1 0.3244897262313371

0 0.29244436214859165

1 0.32448972623133715

1 0.3244897262313371

0 0.2954775881432268

0 0.2954775881432268

0 0.31096473412366404

0 0.2954775881432268

0 0.3109647341236641

1 0.32448972623133715

0 0.31096473412366404

0 0.31096473412366404

0 0.31096473412366404

1 0.32448972623133715

1 0.32448972623133715

0 0.31096473412366404

0 0.29244436214859165

0 0.2954775881432268

0 0.29244436214859165

0 0.29244436214859165

1 0.32448972623133715

0 0.31096473412366404

0 0.31096473412366404

1 0.32448972623133715

0 0.29547758814322683

0 0.2954775881432268

0 0.3109647341236641

0 0.29547758814322683

0 0.31096473412366404

1 0.32448972623133715

0 0.29244436214859165

1 0.32448972623133715

1 0.3244897262313371

0 0.2954775881432268

0 0.2954775881432267

0 0.2954775881432267

0 0.31096473412366404

1 0.32448972623133715

0 0.3109647341236641

0 0.31096473412366404

0 0.29244436214859165

1 0.32448972623133715

1 0.32448972623133715

0 0.2954775881432267

0 0.2954775881432268

0 0.29244436214859165

1 0.32448972623133715

0 0.29244436214859165

1 0.3244897262313371

0 0.2954775881432267

0 0.31096473412366404

0 0.3109647341236641

0 0.31096473412366404

1 0.3244897262313371

0 0.29244436214859165

0 0.29244436214859165

0 0.2954775881432268

0 0.29244436214859165

1 0.3244897262313371

0 0.31096473412366404

0 0.2954775881432268

0 0.2954775881432267

1 0.3244897262313371

0 0.3109647341236641

1 0.3244897262313371

0 0.29547758814322683

0 0.29244436214859165

1 0.3244897262313371

0 0.31096473412366404

0 0.31096473412366404

1 0.32448972623133715

0 0.29244436214859165

0 0.29244436214859165

0 0.2954775881432268

0 0.29244436214859165

0 0.29244436214859165

0 0.3109647341236641

0 0.29244436214859165

1 0.32448972623133715

1 0.3244897262313371

0 0.31096473412366404

0 0.29244436214859165

0 0.29244436214859165

0 0.31096473412366404

0 0.29244436214859165

0 0.2954775881432268

1 0.32448972623133715

0 0.29547758814322683

0 0.31096473412366404

0 0.31096473412366404

0 0.31096473412366404

0 0.29244436214859165

0 0.31096473412366404

0 0.2954775881432268

0 0.2954775881432267

