1 0.2561263786950592

1 0.2561263786950592

0 0.25607943017502

0 0.25586989154408596

0 0.25607943017502005

1 0.2561263786950592

0 0.25586989154408596

0 0.25607943017502

1 0.2561263786950592

0 0.25588574255409247

1 0.2561263786950592

0 0.25588574255409247

0 0.25588574255409247

0 0.25607943017502005

0 0.25588574255409247

0 0.25607943017502

0 0.25588574255409247

1 0.2561263786950592

1 0.2561263786950592

0 0.25588574255409247

0 0.25586989154408596

0 0.25588574255409247

0 0.25588574255409247

0 0.25588574255409247

0 0.25586989154408596

1 0.2561263786950592

0 0.25607943017502005

1 0.2561263786950592

0 0.25588574255409247

1 0.2561263786950592

0 0.25586989154408596

0 0.25586989154408596

0 0.25607943017502005

1 0.2561263786950592

1 0.2561263786950592

0 0.25586989154408596

0 0.25588574255409247

0 0.25586989154408596

0 0.25607943017502

0 0.25586989154408596

1 0.2561263786950592

1 0.2561263786950592

1 0.2561263786950592

0 0.25586989154408596

0 0.25607943017502005

0 0.25588574255409247

1 0.2561263786950592

1 0.2561263786950592

1 0.2561263786950592

0 0.25588574255409247

0 0.25607943017502005

1 0.2561263786950592

0 0.25588574255409247

1 0.2561263786950592

0 0.25588574255409247

0 0.25607943017502

0 0.25588574255409247

0 0.25607943017502005

0 0.25588574255409247

1 0.2561263786950592

0 0.25588574255409247

0 0.25588574255409247

0 0.25607943017502

1 0.2561263786950592

0 0.25607943017502005

1 0.2561263786950592

0 0.25607943017502

0 0.25586989154408596

0 0.25586989154408596

1 0.2561263786950592

0 0.25607943017502

1 0.2561263786950592

0 0.25607943017502

1 0.2561263786950592

0 0.25586989154408596

1 0.2561263786950592

1 0.2561263786950592

1 0.2561263786950592

0 0.25607943017502

0 0.25607943017502

1 0.2561263786950592

0 0.25588574255409247

0 0.25607943017502

0 0.25607943017502005

0 0.25588574255409247

1 0.2561263786950592

1 0.2561263786950592

0 0.25607943017502005

0 0.25586989154408596

1 0.2561263786950592

1 0.2561263786950592

0 0.25607943017502

1 0.2561263786950592

1 0.2561263786950592

0 0.25586989154408596

0 0.25586989154408596

0 0.25588574255409247

0 0.25607943017502

0 0.25588574255409247

0 0.25588574255409247

