1 0.2500234015348684

1 0.2500234015348684

0 0.25002340149383045

0 0.25002340149383045

0 0.2500233984950836

0 0.2500233984950836

0 0.25002340149383045

0 0.25002340149383045

0 0.25002340149383045

0 0.25002340149383045

0 0.2500233984950836

0 0.25002339847621746

0 0.2500233984762174

1 0.2500234015348684

0 0.25002339847621746

0 0.25002340149383045

0 0.25002340149383045

0 0.2500233984950836

1 0.2500234015348684

1 0.2500234015348684

0 0.2500233984762174

0 0.2500233984762174

1 0.2500234015348684

1 0.2500234015348684

0 0.2500233984950836

0 0.25002339847621746

0 0.25002339849508354

1 0.2500234015348684

1 0.2500234015348684

0 0.25002340149383045

0 0.2500233984762174

1 0.2500234015348684

0 0.25002339847621746

1 0.2500234015348684

0 0.25002339849508354

0 0.2500233984950836

0 0.25002339847621746

0 0.25002340149383045

0 0.2500233984950836

1 0.2500234015348684

1 0.2500234015348684

0 0.25002339847621746

0 0.25002339847621746

1 0.2500234015348684

0 0.25002339847621746

1 0.2500234015348684

0 0.2500233984762174

0 0.2500233984950836

0 0.2500233984762174

0 0.2500233984950836

0 0.25002339847621746

0 0.2500233984950836

0 0.25002339847621746

0 0.25002339849508354

0 0.25002339847621746

0 0.25002340149383045

0 0.2500233984762174

0 0.25002339847621746

0 0.2500233984762174

0 0.25002340149383045

1 0.2500234015348684

0 0.25002339847621746

0 0.25002340149383045

1 0.2500234015348684

0 0.25002340149383045

1 0.2500234015348684

0 0.2500233984950836

0 0.25002340149383045

0 0.2500233984950836

0 0.2500233984950836

0 0.2500233984950836

0 0.25002340149383045

1 0.2500234015348684

0 0.25002340149383045

0 0.25002340149383045

0 0.25002339849508354

1 0.2500234015348684

1 0.2500234015348684

0 0.25002340149383045

0 0.2500233984950836

0 0.25002339849508354

0 0.25002340149383045

0 0.25002339847621746

1 0.2500234015348684

1 0.2500234015348684

0 0.25002340149383045

1 0.2500234015348684

0 0.25002339847621746

1 0.2500234015348684

0 0.25002339847621746

1 0.2500234015348684

0 0.2500233984950836

0 0.2500233984950836

0 0.25002339847621746

0 0.25002340149383045

0 0.25002340149383045

0 0.25002339849508354

0 0.2500233984950836

0 0.25002339847621746

1 0.2500234015348684

