0 0.2766712307751124

1 0.2850106314376617

0 0.27738633755374137

0 0.27667123077511235

0 0.2821266640605454

0 0.2821266640605454

1 0.2850106314376617

0 0.27738633755374137

1 0.2850106314376617

0 0.2766712307751124

0 0.27738633755374137

0 0.27667123077511235

1 0.2850106314376617

0 0.2821266640605453

1 0.2850106314376617

1 0.2850106314376617

0 0.2821266640605454

0 0.27667123077511235

0 0.27738633755374137

0 0.2766712307751124

0 0.27667123077511235

0 0.27667123077511235

1 0.2850106314376617

0 0.27738633755374137

1 0.2850106314376617

0 0.2766712307751124

0 0.27738633755374137

0 0.27738633755374137

0 0.2821266640605454

0 0.27738633755374137

0 0.27738633755374137

0 0.2821266640605454

1 0.2850106314376617

0 0.27667123077511235

1 0.2850106314376617

1 0.2850106314376617

0 0.27738633755374137

1 0.2850106314376617

0 0.2766712307751124

0 0.27738633755374137

1 0.2850106314376617

0 0.2821266640605454

1 0.2850106314376617

0 0.2766712307751124

0 0.2821266640605454

0 0.2821266640605454

0 0.27738633755374137

0 0.27738633755374137

0 0.2766712307751124

1 0.2850106314376617

0 0.2821266640605453

1 0.2850106314376617

1 0.2850106314376617

0 0.27667123077511235

0 0.2821266640605454

0 0.2766712307751124

0 0.2821266640605454

0 0.27738633755374137

0 0.2821266640605454

0 0.27667123077511235

0 0.2821266640605453

1 0.2850106314376617

1 0.2850106314376617

1 0.2850106314376617

1 0.2850106314376617

0 0.27738633755374137

0 0.27738633755374137

0 0.27738633755374137

0 0.27667123077511235

0 0.27738633755374137

0 0.27667123077511235

0 0.2766712307751124

0 0.27738633755374137

0 0.27738633755374137

0 0.27738633755374137

0 0.27738633755374137

0 0.27738633755374137

1 0.2850106314376617

0 0.27667123077511235

0 0.27738633755374137

1 0.2850106314376617

0 0.2821266640605454

0 0.2766712307751124

0 0.27738633755374137

0 0.27738633755374137

0 0.28212666406054543

0 0.2766712307751124

0 0.2821266640605453

0 0.27738633755374137

0 0.2766712307751124

0 0.27667123077511235

0 0.2821266640605454

0 0.2766712307751124

1 0.2850106314376617

1 0.2850106314376617

0 0.2766712307751124

0 0.27667123077511235

0 0.27738633755374137

0 0.27738633755374137

1 0.2850106314376617

