0 0.25188424063975307

0 0.2518852289109634

0 0.25188424063975307

1 0.25190733891919725

1 0.25190733891919725

0 0.2519047899952361

0 0.2518852289109634

0 0.2519047899952361

1 0.25190733891919725

1 0.25190733891919725

0 0.2518852289109634

0 0.25190478999523613

0 0.25188424063975307

1 0.25190733891919725

0 0.25188424063975307

0 0.25188424063975307

0 0.2518852289109634

0 0.2518852289109634

0 0.25190478999523613

0 0.25190478999523613

0 0.251884240639753

0 0.25188424063975307

0 0.2518852289109634

0 0.25188424063975307

0 0.25190478999523613

0 0.251884240639753

0 0.25190478999523613

0 0.2518852289109634

0 0.25190478999523613

1 0.25190733891919725

0 0.25190478999523613

1 0.25190733891919725

1 0.25190733891919725

0 0.2518852289109634

0 0.2519047899952361

0 0.25188424063975307

1 0.25190733891919725

0 0.25188424063975307

0 0.2519047899952361

0 0.2518852289109634

1 0.25190733891919725

1 0.25190733891919725

1 0.25190733891919725

0 0.25190478999523613

0 0.25188424063975307

0 0.25188424063975307

0 0.2518852289109634

1 0.25190733891919725

0 0.25188424063975307

0 0.251884240639753

0 0.2519047899952361

1 0.25190733891919725

0 0.25190478999523613

1 0.25190733891919725

0 0.251884240639753

0 0.2519047899952361

0 0.2518852289109634

0 0.2518852289109634

0 0.2518852289109634

0 0.25188424063975307

1 0.25190733891919725

0 0.25188424063975307

0 0.2518852289109634

0 0.2519047899952361

0 0.25190478999523613

0 0.251884240639753

1 0.25190733891919725

0 0.2519047899952361

0 0.25190478999523613

0 0.251884240639753

0 0.25190478999523613

0 0.2518852289109634

1 0.25190733891919725

1 0.25190733891919725

0 0.2518852289109634

0 0.2518852289109634

1 0.25190733891919725

0 0.2518852289109634

0 0.2518852289109634

1 0.25190733891919725

0 0.25188424063975307

0 0.25188424063975307

0 0.2519047899952361

1 0.25190733891919725

0 0.25190478999523613

0 0.25188424063975307

1 0.25190733891919725

0 0.2518852289109634

0 0.2518852289109634

0 0.25188424063975307

0 0.25188424063975307

1 0.25190733891919725

1 0.25190733891919725

1 0.25190733891919725

1 0.25190733891919725

0 0.2518852289109634

0 0.2518852289109634

0 0.25188424063975307

0 0.25188424063975307

0 0.2518852289109634

