0 0.26384444846264515

1 0.2655640060533157

0 0.26384444846264515

0 0.26397519150756305

1 0.2655640060533157

1 0.2655640060533157

0 0.26397519150756305

1 0.2655640060533157

0 0.26511059115427793

0 0.26397519150756305

0 0.26511059115427793

0 0.26384444846264515

0 0.26384444846264515

1 0.2655640060533157

0 0.26384444846264515

0 0.26511059115427793

0 0.26384444846264515

0 0.26511059115427793

0 0.26511059115427793

0 0.26511059115427793

0 0.265110591154278

0 0.26397519150756305

0 0.26511059115427793

0 0.26511059115427793

0 0.26384444846264515

0 0.26511059115427793

0 0.26511059115427793

0 0.26511059115427793

1 0.2655640060533157

0 0.26397519150756305

0 0.26511059115427793

0 0.26397519150756305

0 0.26384444846264515

0 0.26511059115427793

0 0.26511059115427793

1 0.2655640060533157

0 0.26511059115427793

0 0.26384444846264515

0 0.26397519150756305

0 0.26511059115427793

0 0.26397519150756305

0 0.26511059115427793

0 0.26511059115427793

0 0.2638444484626452

0 0.26397519150756305

1 0.2655640060533157

0 0.26384444846264515

0 0.26384444846264515

0 0.26397519150756305

1 0.2655640060533157

1 0.2655640060533157

0 0.26397519150756305

0 0.26384444846264515

1 0.2655640060533157

1 0.2655640060533157

0 0.26397519150756305

0 0.26397519150756305

1 0.2655640060533157

0 0.26397519150756305

0 0.26384444846264515

1 0.2655640060533157

0 0.26384444846264515

0 0.26384444846264515

0 0.26397519150756305

0 0.26511059115427793

0 0.26384444846264515

0 0.26384444846264515

1 0.2655640060533157

0 0.26397519150756305

0 0.26384444846264515

0 0.26511059115427793

0 0.26511059115427793

0 0.26384444846264515

0 0.26397519150756305

1 0.2655640060533157

1 0.2655640060533157

0 0.26384444846264515

0 0.26511059115427793

0 0.26397519150756305

0 0.26511059115427793

0 0.26397519150756305

0 0.26384444846264515

1 0.2655640060533157

1 0.2655640060533157

0 0.26511059115427793

0 0.26397519150756305

1 0.2655640060533157

0 0.26511059115427793

1 0.2655640060533157

1 0.2655640060533157

0 0.26511059115427793

0 0.26397519150756305

0 0.26384444846264515

0 0.26384444846264515

0 0.26397519150756305

0 0.26511059115427793

0 0.26511059115427793

0 0.26397519150756305

0 0.26397519150756305

1 0.2655640060533157

