0 0.35412259872436813

0 0.35412259872436813

0 0.3124678025259654

0 0.31246780252596545

1 0.40366003235055004

0 0.3012971754473315

0 0.35412259872436813

0 0.35412259872436813

0 0.31246780252596545

0 0.3012971754473315

0 0.3124678025259654

0 0.35412259872436813

0 0.30129717544733153

0 0.31246780252596545

1 0.40366003235055004

1 0.40366003235055004

1 0.40366003235055004

0 0.3124678025259654

1 0.40366003235055004

1 0.40366003235055004

0 0.3012971754473315

0 0.31246780252596545

1 0.40366003235055004

0 0.31246780252596545

0 0.3124678025259654

1 0.40366003235055004

0 0.3124678025259654

0 0.3124678025259654

0 0.35412259872436813

0 0.3012971754473315

1 0.40366003235055004

0 0.35412259872436813

1 0.40366003235055004

0 0.30129717544733153

1 0.40366003235055004

1 0.40366003235055004

1 0.4036600323505501

0 0.35412259872436813

0 0.31246780252596545

0 0.3012971754473315

0 0.35412259872436813

0 0.31246780252596545

1 0.40366003235055004

1 0.40366003235055004

1 0.40366003235055004

0 0.3012971754473315

1 0.40366003235055004

1 0.40366003235055004

1 0.40366003235055004

0 0.3012971754473315

0 0.35412259872436813

0 0.3012971754473315

1 0.40366003235055004

0 0.35412259872436813

0 0.35412259872436813

1 0.40366003235055004

0 0.35412259872436813

0 0.3124678025259654

0 0.3012971754473315

0 0.30129717544733153

0 0.3124678025259654

0 0.3124678025259654

0 0.3012971754473315

1 0.40366003235055004

0 0.3012971754473315

0 0.3124678025259654

1 0.40366003235055004

0 0.3012971754473315

0 0.30129717544733153

1 0.40366003235055004

0 0.35412259872436813

0 0.35412259872436813

1 0.40366003235055004

0 0.31246780252596545

0 0.3124678025259654

0 0.30129717544733153

0 0.35412259872436813

1 0.40366003235055004

0 0.3012971754473315

0 0.31246780252596545

0 0.30129717544733153

0 0.31246780252596545

1 0.40366003235055004

0 0.3124678025259654

0 0.35412259872436813

0 0.35412259872436813

0 0.3124678025259654

0 0.30129717544733153

0 0.3012971754473315

0 0.3012971754473315

0 0.3012971754473315

0 0.3012971754473315

0 0.31246780252596545

0 0.35412259872436813

0 0.3124678025259654

0 0.3124678025259654

0 0.3012971754473315

0 0.3124678025259654

0 0.30129717544733153

0 0.35412259872436813

