1 0.7857142857142855

0 0.2241379310344827

1 0.7857142857142855

1 0.7857142857142856

0 0.22413793103448262

1 0.7857142857142856

0 0.4

1 0.7857142857142856

1 0.7857142857142856

0 0.09999999999999998

1 0.7857142857142855

1 0.7857142857142855

0 0.1

1 0.7857142857142856

1 0.7857142857142856

1 0.7857142857142855

1 0.7857142857142856

0 0.4

0 0.22413793103448262

0 0.22413793103448262

0 0.22413793103448268

1 0.7857142857142856

1 0.7857142857142855

0 0.22413793103448268

0 0.1

0 0.4

0 0.09999999999999998

1 0.7857142857142855

1 0.7857142857142855

0 0.22413793103448262

1 0.7857142857142855

0 0.09999999999999998

1 0.7857142857142856

0 0.2241379310344827

0 0.1

0 0.1

1 0.7857142857142856

0 0.22413793103448268

1 0.7857142857142856

1 0.7857142857142856

0 0.1

0 0.2241379310344827

1 0.7857142857142856

1 0.7857142857142856

0 0.4

0 0.22413793103448262

0 0.4

1 0.7857142857142856

1 0.7857142857142855

1 0.7857142857142856

0 0.2241379310344827

0 0.2241379310344827

1 0.7857142857142856

0 0.4

0 0.4

1 0.7857142857142856

1 0.7857142857142855

0 0.2241379310344827

0 0.22413793103448262

1 0.7857142857142855

1 0.7857142857142855

0 0.22413793103448268

0 0.22413793103448262

1 0.7857142857142855

0 0.2241379310344827

0 0.4

1 0.7857142857142856

0 0.4

1 0.7857142857142855

1 0.7857142857142856

0 0.4

0 0.22413793103448262

1 0.7857142857142856

0 0.4

1 0.7857142857142856

1 0.7857142857142855

0 0.1

1 0.7857142857142856

1 0.7857142857142855

0 0.2241379310344827

0 0.22413793103448268

1 0.7857142857142855

0 0.4

0 0.22413793103448268

0 0.2241379310344827

0 0.4

0 0.2241379310344827

0 0.4

1 0.7857142857142855

0 0.22413793103448262

0 0.1

0 0.4

0 0.09999999999999998

1 0.7857142857142856

1 0.7857142857142855

1 0.7857142857142855

0 0.22413793103448262

1 0.7857142857142856

1 0.7857142857142855

