0 0.25037399222753554

0 0.25037401069445514

1 0.2503748199752208

0 0.25037399222753554

1 0.2503748199752208

0 0.25037399222753554

1 0.2503748199752209

0 0.2503740106944551

0 0.25037399222753554

0 0.25037399222753554

1 0.2503748199752208

0 0.2503740106944551

0 0.25037477710049316

0 0.25037477710049316

0 0.25037477710049316

1 0.2503748199752208

0 0.25037477710049316

0 0.25037477710049316

1 0.2503748199752208

0 0.25037399222753554

0 0.25037477710049316

0 0.25037477710049316

0 0.25037399222753554

0 0.25037399222753554

0 0.2503740106944551

1 0.2503748199752209

1 0.2503748199752208

0 0.25037401069445514

0 0.25037399222753554

0 0.25037399222753554

1 0.2503748199752208

0 0.2503740106944551

0 0.25037477710049316

1 0.2503748199752209

0 0.25037399222753554

0 0.25037399222753554

0 0.25037399222753554

0 0.2503740106944551

0 0.25037477710049316

0 0.2503740106944551

0 0.25037399222753554

0 0.2503740106944551

0 0.25037401069445514

0 0.2503740106944551

0 0.25037477710049316

0 0.25037477710049316

1 0.2503748199752208

0 0.25037399222753554

0 0.25037477710049316

0 0.25037399222753554

0 0.25037477710049316

0 0.25037399222753554

0 0.2503740106944551

0 0.25037399222753554

0 0.25037401069445514

1 0.2503748199752208

0 0.25037477710049316

0 0.2503740106944551

0 0.2503740106944551

0 0.2503740106944551

1 0.2503748199752208

0 0.25037477710049316

0 0.25037399222753554

0 0.25037399222753554

1 0.2503748199752208

0 0.25037477710049316

0 0.25037399222753554

0 0.25037477710049316

0 0.25037401069445514

0 0.25037401069445514

0 0.25037477710049316

0 0.2503740106944551

0 0.25037477710049316

1 0.2503748199752208

0 0.25037399222753554

1 0.2503748199752209

0 0.25037399222753554

0 0.2503740106944551

0 0.2503740106944551

1 0.2503748199752208

0 0.25037401069445514

0 0.25037477710049316

0 0.2503740106944551

0 0.25037477710049316

1 0.2503748199752209

0 0.25037399222753554

0 0.2503740106944551

0 0.2503740106944551

0 0.25037477710049316

0 0.25037399222753554

0 0.25037399222753554

0 0.25037401069445514

1 0.2503748199752208

0 0.25037399222753554

0 0.25037399222753554

0 0.25037399222753554

0 0.25037477710049316

1 0.2503748199752209

0 0.2503740106944551

1 0.2503748199752209

