0 0.269767707320533

0 0.26985456862031304

1 0.27181288126901815

1 0.27181288126901815

0 0.26976770732053307

0 0.26985456862031304

1 0.27181288126901815

1 0.27181288126901815

0 0.26985456862031304

0 0.271242549319743

1 0.27181288126901815

0 0.2697677073205331

1 0.27181288126901815

0 0.2698545686203131

0 0.271242549319743

0 0.271242549319743

0 0.271242549319743

0 0.271242549319743

0 0.26985456862031304

1 0.27181288126901815

0 0.2697677073205331

0 0.271242549319743

0 0.27124254931974295

0 0.271242549319743

0 0.26985456862031304

0 0.271242549319743

0 0.26985456862031304

0 0.26985456862031304

0 0.26976770732053307

0 0.2697677073205331

1 0.27181288126901815

0 0.2698545686203131

1 0.27181288126901815

0 0.2712425493197429

0 0.2712425493197429

0 0.27124254931974295

0 0.26985456862031304

0 0.2698545686203131

0 0.2698545686203131

0 0.26976770732053307

1 0.27181288126901815

1 0.27181288126901815

0 0.269767707320533

0 0.26985456862031304

1 0.27181288126901815

0 0.26985456862031304

1 0.27181288126901815

0 0.271242549319743

1 0.27181288126901815

0 0.26985456862031304

0 0.271242549319743

0 0.26976770732053307

0 0.2712425493197429

0 0.26985456862031304

0 0.2697677073205331

0 0.269767707320533

1 0.27181288126901815

0 0.26976770732053307

1 0.27181288126901815

0 0.26985456862031304

0 0.26976770732053307

0 0.2712425493197429

0 0.26985456862031304

0 0.2697677073205331

1 0.27181288126901815

0 0.271242549319743

0 0.2697677073205331

0 0.26985456862031304

1 0.27181288126901815

0 0.271242549319743

1 0.27181288126901815

0 0.271242549319743

1 0.27181288126901815

0 0.26985456862031304

0 0.27124254931974295

0 0.27124254931974295

1 0.27181288126901815

0 0.271242549319743

0 0.26985456862031304

0 0.271242549319743

0 0.2697677073205331

0 0.2712425493197429

0 0.271242549319743

1 0.27181288126901815

0 0.26985456862031304

0 0.27124254931974295

0 0.26985456862031304

0 0.271242549319743

0 0.2698545686203131

1 0.27181288126901815

1 0.27181288126901815

0 0.27124254931974295

0 0.26985456862031304

1 0.27181288126901815

0 0.26985456862031304

0 0.26976770732053307

0 0.2697677073205331

1 0.27181288126901815

0 0.26985456862031304

1 0.27181288126901815

