1 0.8652343750000001

1 0.8652343749999999

1 0.8652343749999999

1 0.8652343750000001

0 0.23041044776119407

1 0.8652343749999999

1 0.8652343750000001

0 0.23041044776119407

0 0.07500000000000001

1 0.8652343749999999

1 0.8652343749999999

0 0.23041044776119407

0 0.42500000000000004

1 0.8652343749999999

0 0.42500000000000004

0 0.42500000000000004

0 0.425

1 0.8652343749999999

1 0.8652343749999999

0 0.07500000000000001

0 0.07500000000000001

0 0.07500000000000001

1 0.8652343750000001

1 0.8652343750000001

1 0.8652343749999999

0 0.23041044776119407

0 0.425

1 0.8652343749999999

0 0.23041044776119407

1 0.8652343749999999

0 0.07500000000000001

1 0.8652343750000001

0 0.23041044776119407

1 0.8652343749999999

1 0.8652343749999999

1 0.8652343749999999

1 0.8652343750000001

0 0.23041044776119407

1 0.8652343749999999

1 0.8652343749999999

1 0.8652343750000001

1 0.8652343750000001

0 0.23041044776119407

1 0.8652343750000001

0 0.425

0 0.23041044776119407

1 0.8652343750000001

0 0.42500000000000004

1 0.8652343749999999

0 0.23041044776119407

0 0.07500000000000001

1 0.8652343750000001

0 0.23041044776119407

0 0.42500000000000004

0 0.07500000000000001

1 0.8652343749999999

1 0.8652343750000001

0 0.23041044776119407

1 0.8652343749999999

0 0.42500000000000004

1 0.8652343749999999

0 0.42500000000000004

1 0.8652343750000001

0 0.23041044776119407

0 0.42500000000000004

0 0.23041044776119407

1 0.8652343750000001

1 0.8652343749999999

1 0.8652343750000001

0 0.07500000000000001

0 0.23041044776119407

1 0.8652343749999999

0 0.23041044776119407

1 0.8652343749999999

1 0.8652343750000001

1 0.8652343750000001

1 0.8652343749999999

0 0.23041044776119407

1 0.8652343749999999

0 0.23041044776119407

1 0.8652343750000001

1 0.8652343750000001

1 0.8652343750000001

0 0.23041044776119407

1 0.8652343750000001

1 0.8652343750000001

0 0.425

1 0.8652343749999999

0 0.23041044776119407

1 0.8652343749999999

1 0.8652343749999999

0 0.23041044776119407

0 0.425

0 0.42500000000000004

1 0.8652343750000001

1 0.8652343750000001

1 0.8652343750000001

1 0.8652343749999999

1 0.8652343750000001

1 0.8652343749999999

