0 0.2585721435725397

0 0.2585721435725397

1 0.25863131758510394

1 0.25863131758510394

0 0.25833831059182766

0 0.2585721435725397

0 0.25833831059182766

0 0.2583267635744393

1 0.25863131758510394

0 0.2585721435725397

0 0.25832676357443923

0 0.2585721435725397

1 0.25863131758510394

0 0.25833831059182766

0 0.25832676357443923

0 0.25832676357443923

0 0.25832676357443923

0 0.25833831059182766

0 0.25832676357443923

0 0.2585721435725397

1 0.25863131758510394

0 0.2583267635744393

0 0.2585721435725397

1 0.25863131758510394

0 0.2583383105918277

0 0.2585721435725397

0 0.25832676357443923

0 0.25833831059182766

0 0.25832676357443923

0 0.25833831059182766

0 0.25833831059182766

0 0.25832676357443923

0 0.25832676357443923

0 0.25833831059182766

0 0.25832676357443923

1 0.25863131758510394

0 0.2583267635744393

0 0.2585721435725397

1 0.25863131758510394

0 0.2583267635744393

0 0.25833831059182766

0 0.2585721435725397

0 0.2585721435725397

0 0.2583267635744393

0 0.2585721435725397

0 0.2585721435725397

0 0.25832676357443923

0 0.25833831059182766

0 0.2583267635744393

0 0.2585721435725397

1 0.25863131758510394

0 0.2585721435725397

0 0.2585721435725397

0 0.25832676357443923

0 0.2585721435725397

0 0.2583267635744393

0 0.25833831059182766

0 0.25832676357443923

0 0.2585721435725397

0 0.25833831059182766

1 0.25863131758510394

1 0.25863131758510394

0 0.25832676357443923

0 0.2583267635744393

0 0.2585721435725397

0 0.25832676357443923

1 0.25863131758510394

0 0.25833831059182766

1 0.25863131758510394

0 0.2585721435725397

0 0.2585721435725397

0 0.25832676357443923

0 0.2583267635744393

1 0.25863131758510394

0 0.2585721435725397

1 0.25863131758510394

0 0.2585721435725397

1 0.25863131758510394

0 0.25833831059182766

0 0.25833831059182766

1 0.25863131758510394

0 0.25832676357443923

0 0.25832676357443923

0 0.25832676357443923

0 0.25832676357443923

1 0.25863131758510394

1 0.25863131758510394

1 0.25863131758510394

0 0.25833831059182766

0 0.2585721435725397

0 0.25833831059182766

1 0.25863131758510394

0 0.2585721435725397

0 0.25832676357443923

0 0.2583267635744393

0 0.25832676357443923

0 0.25833831059182766

0 0.25832676357443923

0 0.25833831059182766

0 0.2583267635744393

