1 0.6224599927486225

0 0.3463302776638963

1 0.6224599927486225

0 0.4596126274297375

0 0.3463302776638963

0 0.3463302776638963

0 0.4596126274297375

1 0.6224599927486225

1 0.6224599927486225

1 0.6224599927486225

0 0.45961262742973746

1 0.6224599927486225

0 0.3096603699782241

0 0.4596126274297375

0 0.3463302776638963

1 0.6224599927486225

1 0.6224599927486225

1 0.6224599927486225

0 0.3463302776638963

0 0.3096603699782241

1 0.6224599927486225

0 0.3463302776638963

1 0.6224599927486225

1 0.6224599927486225

0 0.3096603699782241

0 0.3096603699782241

0 0.3096603699782241

1 0.6224599927486225

0 0.3463302776638963

0 0.3463302776638963

0 0.3096603699782241

0 0.4596126274297375

1 0.6224599927486225

0 0.3463302776638963

1 0.6224599927486225

1 0.6224599927486225

0 0.3463302776638963

0 0.45961262742973746

0 0.3463302776638963

0 0.3463302776638963

0 0.45961262742973746

0 0.45961262742973746

1 0.6224599927486225

0 0.4596126274297375

1 0.6224599927486225

0 0.3463302776638963

0 0.3463302776638963

1 0.6224599927486225

0 0.3463302776638963

1 0.6224599927486225

0 0.3096603699782241

1 0.6224599927486225

0 0.4596126274297375

1 0.6224599927486225

0 0.4596126274297375

1 0.6224599927486225

0 0.4596126274297375

0 0.3096603699782241

1 0.6224599927486225

1 0.6224599927486225

0 0.4596126274297375

1 0.6224599927486225

0 0.45961262742973746

0 0.3463302776638963

1 0.6224599927486225

1 0.6224599927486225

0 0.4596126274297375

0 0.3463302776638963

0 0.3463302776638963

1 0.6224599927486225

1 0.6224599927486225

1 0.6224599927486225

0 0.45961262742973746

1 0.6224599927486225

1 0.6224599927486225

0 0.3096603699782241

0 0.4596126274297375

0 0.34633027766389624

0 0.4596126274297375

0 0.3463302776638963

1 0.6224599927486225

1 0.6224599927486225

0 0.45961262742973746

0 0.45961262742973746

1 0.6224599927486225

1 0.6224599927486225

0 0.4596126274297375

0 0.3463302776638963

0 0.3463302776638963

0 0.4596126274297375

0 0.4596126274297375

0 0.3463302776638963

0 0.3096603699782241

1 0.6224599927486225

1 0.6224599927486225

0 0.45961262742973746

1 0.6224599927486225

0 0.3463302776638963

0 0.4596126274297375

0 0.3096603699782241

