1 0.35121473257261826

0 0.3156304716568534

0 0.31371982587854974

0 0.31371982587854974

0 0.3156304716568534

0 0.33476837437835727

1 0.3512147325726183

0 0.31371982587854985

0 0.3156304716568534

0 0.33476837437835727

1 0.35121473257261826

0 0.31563047165685343

0 0.31371982587854974

0 0.33476837437835727

0 0.3156304716568534

0 0.33476837437835727

0 0.31371982587854974

0 0.3156304716568534

0 0.31371982587854985

0 0.33476837437835727

0 0.31371982587854974

1 0.3512147325726183

0 0.33476837437835727

0 0.33476837437835727

0 0.31371982587854974

0 0.31563047165685343

0 0.31371982587854974

0 0.3156304716568534

1 0.3512147325726183

0 0.33476837437835727

0 0.31371982587854985

0 0.31371982587854974

0 0.3156304716568534

0 0.31371982587854974

0 0.31371982587854974

0 0.31371982587854974

0 0.3156304716568534

0 0.33476837437835727

0 0.33476837437835727

0 0.31371982587854974

0 0.33476837437835727

0 0.31563047165685343

0 0.33476837437835727

0 0.3156304716568534

1 0.35121473257261826

0 0.33476837437835727

0 0.33476837437835727

0 0.33476837437835727

0 0.31371982587854985

0 0.3156304716568534

1 0.35121473257261826

0 0.31371982587854974

1 0.35121473257261826

0 0.31371982587854985

0 0.31371982587854974

0 0.33476837437835727

0 0.31371982587854974

0 0.3156304716568534

0 0.3156304716568535

0 0.33476837437835727

1 0.3512147325726183

0 0.33476837437835727

0 0.3156304716568535

0 0.31371982587854974

0 0.3156304716568534

0 0.3156304716568534

0 0.3156304716568535

0 0.33476837437835727

0 0.33476837437835727

0 0.31563047165685343

0 0.33476837437835727

0 0.3156304716568534

0 0.33476837437835727

0 0.31563047165685343

0 0.3156304716568535

0 0.33476837437835727

0 0.3156304716568534

0 0.31371982587854974

0 0.33476837437835727

0 0.3156304716568534

0 0.33476837437835727

0 0.31563047165685343

0 0.3156304716568535

0 0.31371982587854974

0 0.3156304716568534

1 0.3512147325726183

0 0.33476837437835727

0 0.3156304716568535

1 0.3512147325726183

0 0.3156304716568534

0 0.31371982587854974

0 0.3156304716568534

0 0.31371982587854974

0 0.3156304716568535

0 0.31371982587854985

0 0.3156304716568534

0 0.33476837437835727

1 0.3512147325726183

0 0.31371982587854974

1 0.35121473257261826

