0 0.25269012222994075

1 0.2526933283587441

0 0.25269012222994075

0 0.25266681238630395

0 0.25266681238630395

0 0.25266603445814995

0 0.25266603445814995

1 0.2526933283587441

0 0.25266681238630395

0 0.25266603445814995

0 0.25266681238630395

0 0.25266603445814995

1 0.2526933283587441

0 0.25266681238630395

0 0.25266681238630395

0 0.25269012222994075

0 0.25266603445814995

0 0.25266681238630395

0 0.25269012222994075

1 0.2526933283587441

0 0.25269012222994075

0 0.25266603445814995

0 0.25269012222994075

0 0.25269012222994075

1 0.2526933283587441

0 0.25266603445814995

1 0.2526933283587441

0 0.25266681238630395

0 0.25266681238630395

0 0.25266603445814995

0 0.25266681238630395

0 0.25266603445814995

0 0.25266681238630395

1 0.2526933283587441

0 0.25269012222994075

0 0.25269012222994075

0 0.25266681238630395

0 0.25269012222994075

0 0.25266681238630395

1 0.2526933283587441

0 0.25266681238630395

0 0.25266681238630395

0 0.25266603445814995

0 0.25269012222994075

0 0.25266681238630395

0 0.25266603445814995

1 0.2526933283587441

1 0.2526933283587441

0 0.25269012222994075

0 0.25269012222994075

1 0.2526933283587441

0 0.25266603445814995

1 0.2526933283587441

0 0.25266603445814995

0 0.25266603445814995

0 0.25269012222994075

0 0.25266603445814995

0 0.25266603445814995

0 0.25269012222994075

0 0.25266603445814995

0 0.25266681238630395

0 0.25269012222994075

0 0.25266603445814995

1 0.2526933283587441

0 0.25269012222994075

0 0.25269012222994075

1 0.2526933283587441

0 0.25266681238630395

1 0.2526933283587441

0 0.25266681238630395

1 0.2526933283587441

0 0.25266681238630395

0 0.25269012222994075

1 0.2526933283587441

0 0.25269012222994075

0 0.25266603445814995

0 0.25266603445814995

1 0.2526933283587441

0 0.25266681238630395

0 0.25269012222994075

0 0.25269012222994075

0 0.25269012222994075

0 0.25266681238630395

0 0.25269012222994075

0 0.25269012222994075

0 0.25266603445814995

0 0.25266681238630395

0 0.25269012222994075

0 0.25266603445814995

0 0.25269012222994075

1 0.2526933283587441

0 0.25266603445814995

0 0.25269012222994075

0 0.25266603445814995

0 0.25266603445814995

0 0.25266603445814995

0 0.25266681238630395

0 0.25269012222994075

0 0.25266603445814995

0 0.25266603445814995

