0 0.2949539679417275

1 0.2985452959719288

1 0.2985452959719288

1 0.2985452959719288

1 0.2985452959719288

1 0.2985452959719288

1 0.2985452959719288

0 0.2949539679417275

0 0.28866505806595316

1 0.2985452959719288

0 0.2891071321443345

0 0.2891071321443345

0 0.2949539679417275

0 0.2949539679417275

1 0.2985452959719288

1 0.2985452959719288

1 0.2985452959719288

0 0.2891071321443345

0 0.2949539679417275

0 0.2886650580659531

0 0.2949539679417275

1 0.2985452959719288

0 0.2891071321443345

0 0.28866505806595316

0 0.2886650580659531

1 0.2985452959719288

0 0.2891071321443345

0 0.2949539679417275

0 0.2886650580659531

0 0.28866505806595316

0 0.2891071321443345

0 0.2891071321443345

0 0.2886650580659531

0 0.2949539679417275

1 0.2985452959719288

0 0.2886650580659531

0 0.2886650580659531

0 0.2949539679417275

0 0.2949539679417275

1 0.2985452959719288

1 0.2985452959719288

0 0.2891071321443345

0 0.2886650580659531

0 0.28866505806595316

0 0.28866505806595316

0 0.2891071321443345

1 0.2985452959719288

0 0.2949539679417275

1 0.2985452959719288

0 0.2891071321443345

0 0.2891071321443345

1 0.2985452959719288

1 0.2985452959719288

0 0.2949539679417275

1 0.2985452959719288

1 0.2985452959719288

0 0.2891071321443345

1 0.2985452959719288

0 0.2891071321443345

0 0.28866505806595316

0 0.2891071321443345

0 0.2886650580659531

0 0.2886650580659533

0 0.2949539679417275

0 0.2949539679417275

0 0.28866505806595316

0 0.28866505806595316

1 0.2985452959719288

0 0.2886650580659531

1 0.2985452959719288

0 0.2949539679417275

0 0.2886650580659531

1 0.2985452959719288

0 0.2891071321443345

1 0.2985452959719288

0 0.2949539679417275

0 0.2891071321443345

0 0.2886650580659531

1 0.2985452959719288

0 0.29495396794172757

0 0.2886650580659531

0 0.2949539679417275

0 0.2886650580659531

0 0.28866505806595316

0 0.2949539679417275

0 0.2886650580659531

0 0.28866505806595316

0 0.28866505806595316

1 0.2985452959719288

1 0.2985452959719288

0 0.2949539679417275

0 0.2891071321443345

0 0.2891071321443345

1 0.2985452959719288

0 0.2891071321443345

0 0.2891071321443345

0 0.2891071321443345

0 0.28866505806595316

0 0.2949539679417275

1 0.2985452959719288

