0 0.334339183424452

1 0.451359988034787

0 0.34259503267826724

1 0.45135998803478705

1 0.45135998803478705

0 0.33433918342445196

0 0.34259503267826724

0 0.39363859117786315

0 0.39363859117786315

0 0.334339183424452

1 0.45135998803478705

0 0.3936385911778632

0 0.34259503267826724

0 0.3936385911778632

1 0.45135998803478705

1 0.451359988034787

0 0.34259503267826724

1 0.45135998803478705

1 0.45135998803478705

0 0.34259503267826724

0 0.34259503267826724

0 0.33433918342445207

0 0.3936385911778632

0 0.39363859117786315

0 0.3936385911778632

0 0.33433918342445196

0 0.334339183424452

0 0.3936385911778632

1 0.451359988034787

0 0.34259503267826724

0 0.34259503267826724

0 0.334339183424452

0 0.34259503267826724

0 0.34259503267826724

0 0.334339183424452

1 0.45135998803478705

0 0.334339183424452

0 0.34259503267826724

1 0.45135998803478705

0 0.34259503267826724

1 0.45135998803478705

0 0.33433918342445207

0 0.33433918342445207

0 0.334339183424452

1 0.45135998803478705

0 0.39363859117786315

0 0.34259503267826724

0 0.33433918342445207

0 0.3936385911778632

0 0.34259503267826724

1 0.45135998803478705

0 0.33433918342445196

0 0.34259503267826724

1 0.45135998803478705

0 0.334339183424452

1 0.45135998803478705

1 0.45135998803478705

0 0.34259503267826724

0 0.3936385911778632

1 0.45135998803478705

0 0.334339183424452

0 0.39363859117786315

0 0.39363859117786315

0 0.34259503267826724

1 0.451359988034787

0 0.34259503267826724

0 0.334339183424452

0 0.3936385911778632

0 0.3936385911778632

0 0.33433918342445207

0 0.33433918342445196

1 0.45135998803478705

1 0.45135998803478705

0 0.3936385911778632

0 0.34259503267826724

1 0.45135998803478705

0 0.3936385911778632

0 0.39363859117786315

0 0.334339183424452

0 0.3936385911778632

0 0.34259503267826724

0 0.39363859117786315

1 0.45135998803478705

1 0.45135998803478705

0 0.39363859117786315

1 0.45135998803478705

1 0.45135998803478705

0 0.39363859117786315

0 0.33433918342445207

1 0.45135998803478705

0 0.334339183424452

1 0.45135998803478705

0 0.334339183424452

1 0.451359988034787

0 0.334339183424452

0 0.3936385911778632

0 0.33433918342445196

0 0.33433918342445196

0 0.34259503267826724

1 0.45135998803478705

