0 0.250528723466651

0 0.2505287388118048

0 0.2505296419853153

0 0.2505287388118048

0 0.2505287388118048

0 0.25052872346665095

0 0.250528723466651

0 0.250528723466651

1 0.25052969573241396

1 0.25052969573241396

1 0.25052969573241396

0 0.2505287388118048

0 0.25052872346665095

0 0.2505287388118048

0 0.2505296419853153

0 0.250528723466651

0 0.250528723466651

0 0.25052872346665095

0 0.250528723466651

0 0.2505287388118048

0 0.2505287388118048

0 0.25052872346665095

1 0.25052969573241396

0 0.25052964198531535

0 0.2505296419853153

0 0.2505296419853153

1 0.25052969573241396

0 0.2505287388118048

0 0.2505287388118048

1 0.25052969573241396

0 0.2505287388118048

0 0.250528723466651

0 0.2505287388118048

1 0.25052969573241396

0 0.2505287388118048

1 0.25052969573241396

1 0.25052969573241396

0 0.2505296419853153

0 0.25052964198531535

1 0.25052969573241396

0 0.2505287388118048

1 0.25052969573241396

1 0.25052969573241396

0 0.250528723466651

0 0.250528723466651

1 0.25052969573241396

0 0.2505287388118048

0 0.2505296419853153

0 0.250528723466651

0 0.2505287388118048

0 0.2505296419853153

1 0.25052969573241396

0 0.2505287388118048

0 0.25052872346665095

0 0.2505287388118048

0 0.250528723466651

0 0.2505287388118048

0 0.2505296419853153

0 0.2505287388118048

0 0.25052964198531535

1 0.25052969573241396

0 0.2505296419853153

0 0.25052964198531535

1 0.25052969573241396

0 0.250528723466651

0 0.2505287388118048

0 0.2505296419853153

1 0.25052969573241396

0 0.2505287388118048

0 0.25052964198531535

0 0.250528723466651

0 0.25052872346665095

1 0.25052969573241396

0 0.250528723466651

0 0.2505287388118048

0 0.25052872346665095

0 0.25052872346665095

0 0.2505287388118048

1 0.25052969573241396

1 0.25052969573241396

1 0.25052969573241396

0 0.25052964198531535

0 0.2505287388118048

0 0.25052964198531535

0 0.25052872346665095

1 0.25052969573241396

0 0.250528723466651

0 0.2505287388118048

1 0.25052969573241396

0 0.25052872346665095

0 0.25052964198531535

0 0.2505296419853153

0 0.25052964198531535

0 0.25052872346665095

0 0.25052964198531535

1 0.25052969573241396

0 0.250528723466651

0 0.2505296419853153

0 0.25052964198531535

1 0.25052969573241396

