0 0.2500330767450621

0 0.2500330732212015

0 0.2500330767450621

1 0.25003307679636105

0 0.25003307323737545

0 0.2500330732212015

0 0.2500330732212015

0 0.2500330732212015

1 0.25003307679636105

0 0.2500330732212015

0 0.2500330767450621

0 0.2500330732212015

1 0.25003307679636105

1 0.25003307679636105

0 0.2500330767450621

1 0.25003307679636105

0 0.2500330732212015

0 0.2500330732212015

0 0.25003307323737545

0 0.2500330732212015

0 0.2500330732212015

0 0.2500330767450621

0 0.2500330767450621

0 0.2500330767450621

1 0.25003307679636105

0 0.25003307323737545

0 0.2500330767450621

0 0.25003307323737545

0 0.2500330767450621

1 0.25003307679636105

0 0.2500330732212015

0 0.2500330732212015

0 0.25003307323737545

1 0.25003307679636105

0 0.25003307323737545

0 0.2500330767450621

0 0.2500330767450621

0 0.2500330732212015

1 0.25003307679636105

0 0.2500330732212015

0 0.2500330732212015

1 0.25003307679636105

0 0.2500330767450621

0 0.2500330767450621

0 0.2500330732212015

1 0.25003307679636105

0 0.2500330732212015

0 0.25003307323737545

0 0.25003307323737545

0 0.2500330732212015

0 0.2500330767450621

0 0.2500330767450621

1 0.25003307679636105

0 0.2500330767450621

0 0.25003307323737545

0 0.2500330732212015

1 0.25003307679636105

0 0.2500330732212015

0 0.2500330732212015

0 0.2500330767450621

0 0.2500330732212015

0 0.2500330767450621

0 0.2500330767450621

0 0.2500330767450621

1 0.25003307679636105

0 0.2500330767450621

0 0.25003307323737545

1 0.25003307679636105

0 0.2500330732212015

1 0.25003307679636105

1 0.25003307679636105

0 0.2500330767450621

1 0.25003307679636105

0 0.2500330732212015

0 0.2500330767450621

0 0.25003307323737545

0 0.25003307323737545

0 0.2500330732212015

0 0.2500330732212015

0 0.25003307323737545

0 0.25003307323737545

0 0.25003307323737545

0 0.25003307323737545

0 0.25003307323737545

0 0.2500330767450621

1 0.25003307679636105

0 0.2500330767450621

0 0.25003307323737545

0 0.2500330767450621

0 0.2500330767450621

0 0.25003307323737545

0 0.2500330767450621

1 0.25003307679636105

0 0.2500330767450621

1 0.25003307679636105

1 0.25003307679636105

1 0.25003307679636105

1 0.25003307679636105

0 0.2500330767450621

0 0.25003307323737545

