1 0.9256756756756759

1 0.9256756756756759

1 0.9256756756756759

1 0.9256756756756759

0 0.04999999999999996

1 0.9256756756756759

1 0.9256756756756759

1 0.9256756756756759

1 0.9256756756756759

0 0.45000000000000007

0 0.45

1 0.9256756756756759

0 0.23701298701298695

1 0.9256756756756759

1 0.9256756756756759

1 0.9256756756756759

1 0.9256756756756759

1 0.9256756756756759

0 0.45000000000000007

1 0.9256756756756759

1 0.9256756756756759

1 0.9256756756756759

1 0.9256756756756759

1 0.9256756756756759

1 0.9256756756756759

1 0.9256756756756759

1 0.9256756756756759

1 0.9256756756756759

1 0.9256756756756759

1 0.9256756756756759

0 0.45000000000000007

0 0.04999999999999996

0 0.23701298701298695

1 0.9256756756756759

1 0.9256756756756757

0 0.04999999999999996

1 0.9256756756756759

1 0.9256756756756759

1 0.9256756756756759

1 0.9256756756756759

1 0.9256756756756759

1 0.9256756756756759

0 0.04999999999999996

1 0.9256756756756759

1 0.9256756756756759

1 0.9256756756756759

0 0.45000000000000007

1 0.9256756756756759

1 0.9256756756756759

1 0.9256756756756759

1 0.9256756756756759

1 0.9256756756756759

0 0.45000000000000007

1 0.9256756756756759

1 0.9256756756756759

0 0.23701298701298695

1 0.9256756756756759

1 0.9256756756756759

1 0.9256756756756759

0 0.04999999999999996

0 0.04999999999999996

1 0.9256756756756759

0 0.45000000000000007

1 0.9256756756756759

0 0.23701298701298695

0 0.23701298701298695

0 0.23701298701298695

1 0.9256756756756759

1 0.9256756756756759

0 0.23701298701298695

1 0.9256756756756759

0 0.23701298701298695

0 0.04999999999999996

1 0.9256756756756759

1 0.9256756756756759

1 0.9256756756756759

0 0.45000000000000007

1 0.9256756756756759

1 0.9256756756756759

0 0.04999999999999996

0 0.45000000000000007

0 0.23701298701298695

0 0.04999999999999996

1 0.9256756756756759

1 0.9256756756756759

0 0.45

0 0.45

1 0.9256756756756759

0 0.45000000000000007

1 0.9256756756756759

0 0.45

0 0.23701298701298695

1 0.9256756756756759

0 0.45000000000000007

1 0.9256756756756759

0 0.23701298701298695

1 0.9256756756756757

0 0.23701298701298695

0 0.23701298701298695

1 0.9256756756756759

