0 0.26159196152646375

0 0.26131100308675387

0 0.26131164749222535

0 0.26159196152646375

0 0.26131164749222535

0 0.26131164749222535

0 0.26131100308675376

1 0.26166019578650457

0 0.26131164749222535

0 0.26131100308675387

0 0.26159196152646375

0 0.26131164749222535

0 0.26131164749222535

0 0.26131100308675387

0 0.26159196152646375

0 0.26131100308675387

0 0.26131100308675376

0 0.26159196152646375

1 0.26166019578650457

0 0.26131164749222535

0 0.26131164749222535

0 0.26131164749222535

0 0.26159196152646375

0 0.26159196152646375

0 0.26131164749222535

1 0.26166019578650457

0 0.26131164749222535

0 0.26131164749222535

0 0.26131164749222535

0 0.26159196152646375

0 0.26131100308675376

0 0.26159196152646375

1 0.26166019578650457

1 0.26166019578650457

0 0.26131100308675387

0 0.26131100308675376

0 0.26159196152646375

0 0.26159196152646375

1 0.26166019578650457

0 0.26131100308675387

0 0.26131100308675387

1 0.26166019578650457

0 0.26131164749222535

0 0.26131164749222535

0 0.26131164749222535

1 0.26166019578650457

0 0.26159196152646375

0 0.26131100308675376

0 0.26131164749222535

0 0.26159196152646375

0 0.26159196152646375

0 0.26131100308675376

1 0.26166019578650457

0 0.26131164749222535

1 0.26166019578650457

1 0.26166019578650457

1 0.26166019578650457

0 0.26131100308675387

0 0.26131164749222535

0 0.26159196152646375

0 0.26131164749222535

0 0.26131164749222535

0 0.26131164749222535

0 0.26131100308675387

0 0.26131164749222535

0 0.26131164749222535

0 0.26131100308675387

0 0.26131100308675376

0 0.26131100308675387

1 0.26166019578650457

1 0.26166019578650457

0 0.26159196152646375

1 0.26166019578650457

1 0.26166019578650457

0 0.26159196152646375

0 0.26131100308675387

0 0.26159196152646375

0 0.26131164749222535

0 0.26131100308675387

0 0.26131164749222535

0 0.26131100308675376

0 0.26159196152646375

0 0.26159196152646375

0 0.26131164749222535

0 0.26131100308675376

0 0.26131100308675376

0 0.26131100308675387

0 0.26131164749222535

1 0.26166019578650457

0 0.26131164749222535

0 0.26159196152646375

0 0.26131164749222535

0 0.26131164749222535

1 0.26166019578650457

0 0.26131100308675376

0 0.26131164749222535

0 0.26159196152646375

1 0.26166019578650457

1 0.26166019578650457

0 0.26131100308675376

