1 0.3145872765450174

1 0.3145872765450174

0 0.3032999874696308

0 0.3105258652899737

0 0.31052586528997383

0 0.3105258652899737

0 0.31052586528997383

0 0.3105258652899737

0 0.3035457070847106

0 0.3035457070847106

0 0.3032999874696308

0 0.3035457070847106

0 0.3032999874696308

1 0.3145872765450174

0 0.3032999874696308

0 0.3035457070847105

0 0.31052586528997383

0 0.3032999874696308

0 0.3105258652899737

0 0.3035457070847106

0 0.3032999874696308

1 0.31458727654501734

0 0.3032999874696308

0 0.3032999874696309

0 0.3032999874696308

0 0.3035457070847106

0 0.31052586528997383

0 0.31052586528997383

1 0.3145872765450174

0 0.31052586528997383

0 0.3032999874696309

0 0.3105258652899737

0 0.3105258652899737

1 0.3145872765450174

1 0.31458727654501734

0 0.3105258652899737

0 0.3035457070847106

1 0.3145872765450174

1 0.3145872765450174

1 0.3145872765450174

1 0.3145872765450174

1 0.31458727654501734

1 0.3145872765450174

0 0.3032999874696308

0 0.31052586528997383

1 0.3145872765450174

1 0.3145872765450174

0 0.31052586528997383

1 0.3145872765450174

0 0.3032999874696308

0 0.3105258652899737

1 0.31458727654501734

0 0.3105258652899737

0 0.3105258652899737

1 0.3145872765450174

0 0.31052586528997383

0 0.3032999874696309

0 0.31052586528997383

0 0.3105258652899737

0 0.3105258652899737

0 0.3035457070847106

0 0.3035457070847106

1 0.31458727654501734

0 0.31052586528997383

0 0.3032999874696308

1 0.31458727654501734

1 0.3145872765450174

0 0.3032999874696308

0 0.3032999874696308

0 0.3105258652899737

0 0.3032999874696308

0 0.3032999874696309

0 0.3032999874696308

0 0.3032999874696308

0 0.3105258652899737

1 0.3145872765450174

0 0.3035457070847106

0 0.3035457070847106

0 0.3032999874696309

0 0.3035457070847106

1 0.31458727654501734

0 0.3035457070847106

1 0.3145872765450174

0 0.3035457070847106

0 0.3105258652899737

0 0.3035457070847106

0 0.3035457070847106

1 0.31458727654501734

1 0.31458727654501734

0 0.3032999874696309

0 0.3035457070847106

1 0.3145872765450174

0 0.3032999874696308

0 0.31052586528997383

1 0.31458727654501734

0 0.3105258652899737

0 0.3032999874696308

0 0.3032999874696309

1 0.3145872765450174

1 0.31458727654501734

