0 0.39625734196621726

0 0.3748905087515139

1 0.6885304594322617

0 0.39625734196621726

1 0.6885304594322617

0 0.39625734196621726

1 0.6885304594322617

1 0.6885304594322617

1 0.6885304594322617

1 0.6885304594322617

1 0.6885304594322617

1 0.6885304594322617

1 0.6885304594322617

1 0.6885304594322617

0 0.5325309935937915

0 0.39625734196621726

0 0.5325309935937915

0 0.3748905087515139

1 0.6885304594322617

0 0.39625734196621726

0 0.39625734196621726

1 0.6885304594322617

0 0.39625734196621726

0 0.5325309935937916

0 0.5325309935937916

1 0.6885304594322617

1 0.6885304594322618

0 0.3962573419662173

1 0.6885304594322617

0 0.5325309935937915

0 0.5325309935937917

1 0.6885304594322617

1 0.6885304594322617

0 0.3748905087515139

1 0.6885304594322617

1 0.6885304594322617

0 0.374890508751514

1 0.6885304594322617

1 0.6885304594322618

0 0.374890508751514

0 0.39625734196621726

1 0.6885304594322617

0 0.39625734196621726

1 0.6885304594322617

1 0.6885304594322617

1 0.6885304594322617

1 0.6885304594322617

1 0.6885304594322618

0 0.39625734196621726

1 0.6885304594322617

1 0.6885304594322618

1 0.6885304594322617

0 0.39625734196621726

1 0.6885304594322617

1 0.6885304594322617

0 0.3962573419662173

0 0.3748905087515139

1 0.6885304594322617

1 0.6885304594322618

1 0.6885304594322617

0 0.374890508751514

0 0.3748905087515139

1 0.6885304594322617

0 0.3748905087515139

0 0.39625734196621726

0 0.39625734196621726

0 0.5325309935937916

0 0.5325309935937916

1 0.6885304594322617

0 0.39625734196621726

1 0.6885304594322618

0 0.374890508751514

0 0.39625734196621726

1 0.6885304594322617

0 0.3962573419662173

0 0.374890508751514

1 0.6885304594322618

0 0.39625734196621726

1 0.6885304594322618

0 0.3962573419662173

0 0.39625734196621726

1 0.6885304594322617

1 0.6885304594322617

0 0.39625734196621726

0 0.374890508751514

0 0.39625734196621726

0 0.39625734196621726

1 0.6885304594322617

0 0.374890508751514

1 0.6885304594322617

1 0.6885304594322617

0 0.3748905087515139

0 0.39625734196621726

0 0.5325309935937916

1 0.6885304594322617

0 0.5325309935937915

0 0.374890508751514

1 0.6885304594322615

1 0.6885304594322617

0 0.3962573419662173

