0 0.3401302334307908

0 0.363830219681755

0 0.3401302334307908

0 0.363830219681755

0 0.3401302334307908

0 0.34107552203184094

1 0.3817698533583177

0 0.363830219681755

0 0.3401302334307908

1 0.3817698533583177

0 0.34013023343079085

0 0.34013023343079085

0 0.363830219681755

1 0.38176985335831776

0 0.363830219681755

1 0.3817698533583177

0 0.363830219681755

0 0.34107552203184094

0 0.34013023343079085

0 0.34107552203184094

1 0.3817698533583177

0 0.34013023343079085

0 0.34013023343079085

1 0.38176985335831765

0 0.363830219681755

0 0.363830219681755

0 0.363830219681755

1 0.3817698533583177

1 0.3817698533583177

0 0.34013023343079085

0 0.34013023343079085

0 0.341075522031841

0 0.3401302334307908

1 0.3817698533583177

0 0.341075522031841

1 0.3817698533583177

0 0.363830219681755

1 0.3817698533583177

0 0.363830219681755

0 0.3401302334307908

0 0.34013023343079085

1 0.3817698533583177

0 0.363830219681755

0 0.341075522031841

1 0.3817698533583177

0 0.34107552203184094

0 0.34107552203184094

0 0.363830219681755

0 0.363830219681755

0 0.363830219681755

0 0.34013023343079085

0 0.34013023343079085

0 0.341075522031841

1 0.3817698533583177

0 0.363830219681755

0 0.34013023343079085

0 0.363830219681755

0 0.34107552203184094

0 0.341075522031841

0 0.363830219681755

0 0.3401302334307908

1 0.38176985335831765

0 0.34107552203184094

0 0.341075522031841

0 0.363830219681755

0 0.3401302334307908

1 0.38176985335831776

0 0.341075522031841

0 0.341075522031841

1 0.3817698533583177

0 0.363830219681755

0 0.341075522031841

0 0.363830219681755

0 0.341075522031841

0 0.363830219681755

0 0.363830219681755

1 0.3817698533583177

0 0.363830219681755

0 0.34013023343079085

0 0.34013023343079085

0 0.341075522031841

0 0.3401302334307908

0 0.363830219681755

0 0.363830219681755

0 0.34013023343079085

0 0.363830219681755

0 0.3401302334307908

1 0.3817698533583177

0 0.3401302334307908

1 0.3817698533583177

1 0.3817698533583177

0 0.3401302334307908

0 0.363830219681755

1 0.38176985335831765

0 0.34013023343079085

1 0.3817698533583177

1 0.3817698533583177

0 0.363830219681755

0 0.34013023343079085

1 0.38176985335831776

