1 0.5018767191630087

0 0.3803551018877042

0 0.38035510188770416

1 0.5018767191630087

0 0.3800920172768685

0 0.4427126790886008

1 0.5018767191630087

1 0.5018767191630088

0 0.4427126790886008

1 0.5018767191630087

0 0.3800920172768685

1 0.5018767191630087

1 0.5018767191630087

1 0.5018767191630088

0 0.4427126790886008

1 0.5018767191630087

1 0.5018767191630088

1 0.5018767191630087

1 0.5018767191630087

1 0.5018767191630087

0 0.38035510188770416

1 0.5018767191630088

0 0.4427126790886008

0 0.3803551018877041

0 0.4427126790886008

0 0.3800920172768685

1 0.5018767191630088

0 0.4427126790886009

0 0.3800920172768685

0 0.3803551018877042

1 0.5018767191630087

1 0.5018767191630087

0 0.3800920172768685

0 0.3800920172768685

0 0.4427126790886009

1 0.5018767191630087

1 0.5018767191630087

0 0.4427126790886009

1 0.5018767191630087

0 0.3800920172768685

0 0.4427126790886008

0 0.4427126790886008

0 0.38035510188770416

1 0.5018767191630088

1 0.5018767191630087

1 0.5018767191630087

0 0.3800920172768685

0 0.3800920172768685

0 0.4427126790886008

0 0.3800920172768685

1 0.5018767191630087

1 0.5018767191630087

0 0.4427126790886009

0 0.3800920172768685

0 0.3800920172768685

1 0.5018767191630087

0 0.3800920172768685

0 0.3800920172768685

1 0.5018767191630087

0 0.3800920172768685

1 0.5018767191630087

0 0.4427126790886008

1 0.5018767191630087

0 0.4427126790886008

0 0.4427126790886009

0 0.3800920172768685

0 0.38035510188770416

0 0.3803551018877042

0 0.3800920172768685

1 0.5018767191630087

1 0.5018767191630087

1 0.5018767191630087

1 0.5018767191630087

1 0.5018767191630088

0 0.3800920172768685

0 0.3800920172768685

0 0.4427126790886008

0 0.38035510188770416

0 0.3800920172768685

1 0.5018767191630088

0 0.38035510188770416

1 0.5018767191630087

0 0.3800920172768685

0 0.4427126790886008

1 0.5018767191630087

0 0.4427126790886008

0 0.3800920172768685

1 0.5018767191630087

0 0.4427126790886008

1 0.5018767191630088

0 0.3800920172768685

1 0.5018767191630087

1 0.5018767191630087

0 0.4427126790886008

0 0.3800920172768685

0 0.4427126790886009

1 0.5018767191630087

0 0.4427126790886008

0 0.3803551018877042

0 0.4427126790886008

