1 0.2536453426410324

0 0.25361403751870615

0 0.2536141600140374

0 0.2536141600140374

0 0.2536141600140374

0 0.2536416560630198

0 0.25361403751870615

0 0.2536141600140374

0 0.2536416560630198

0 0.25361416001403736

0 0.2536141600140374

1 0.2536453426410324

0 0.2536141600140374

0 0.25361403751870615

0 0.2536416560630198

0 0.2536141600140374

0 0.25361403751870615

1 0.2536453426410324

0 0.2536141600140374

0 0.25361403751870615

0 0.2536416560630198

0 0.2536141600140374

1 0.2536453426410324

0 0.25361403751870615

0 0.2536416560630198

1 0.2536453426410324

0 0.25361403751870615

0 0.25361403751870615

0 0.2536416560630198

0 0.25361403751870615

0 0.2536416560630198

1 0.2536453426410324

0 0.2536416560630198

0 0.2536141600140374

0 0.25361403751870615

0 0.2536141600140374

0 0.25361403751870615

0 0.25361403751870615

0 0.25361403751870615

0 0.2536416560630198

0 0.2536416560630198

0 0.25361403751870615

0 0.2536141600140374

0 0.2536141600140374

0 0.25361403751870615

1 0.2536453426410324

0 0.2536141600140374

0 0.2536416560630198

1 0.2536453426410324

0 0.2536141600140374

1 0.2536453426410324

0 0.2536416560630198

0 0.2536141600140374

0 0.2536416560630198

0 0.2536141600140374

0 0.25361403751870615

0 0.2536141600140374

0 0.25361403751870615

0 0.2536416560630198

0 0.2536416560630198

1 0.2536453426410324

1 0.2536453426410324

0 0.2536141600140374

1 0.2536453426410324

1 0.2536453426410324

0 0.2536416560630198

0 0.2536416560630198

1 0.2536453426410324

1 0.2536453426410324

0 0.25361403751870615

0 0.2536141600140374

0 0.25361403751870615

0 0.2536141600140374

0 0.2536141600140374

0 0.2536416560630198

0 0.2536141600140374

1 0.2536453426410324

1 0.2536453426410324

0 0.2536416560630198

0 0.2536141600140374

0 0.25361403751870615

1 0.2536453426410324

0 0.2536416560630198

1 0.2536453426410324

0 0.2536141600140374

0 0.25361403751870615

0 0.25361403751870615

1 0.2536453426410324

0 0.25361403751870615

0 0.2536416560630198

0 0.2536141600140374

1 0.2536453426410324

0 0.2536416560630198

0 0.2536141600140374

1 0.2536453426410324

0 0.2536141600140374

0 0.2536416560630198

1 0.2536453426410324

0 0.2536416560630198

0 0.2536416560630198

