0 0.2500448019993582

1 0.250044802057783

1 0.250044802057783

0 0.25004479796838575

1 0.250044802057783

0 0.2500448019993582

0 0.250044797974473

0 0.2500448019993582

0 0.2500448019993582

0 0.25004479796838575

0 0.250044797974473

0 0.2500448019993582

1 0.250044802057783

0 0.25004479796838575

1 0.250044802057783

0 0.250044797974473

0 0.25004479796838575

0 0.25004479796838575

1 0.250044802057783

0 0.2500448019993582

0 0.25004479796838575

0 0.250044797974473

1 0.250044802057783

0 0.2500448019993582

0 0.250044797974473

1 0.250044802057783

1 0.250044802057783

0 0.25004479796838575

0 0.250044797974473

0 0.25004479796838575

1 0.250044802057783

0 0.2500448019993582

0 0.2500448019993582

0 0.25004479797447293

0 0.2500448019993582

1 0.250044802057783

0 0.25004479796838575

0 0.250044797974473

0 0.2500448019993582

0 0.250044797974473

0 0.25004479796838575

0 0.250044797974473

0 0.2500447979683857

0 0.2500448019993582

0 0.2500448019993582

1 0.250044802057783

0 0.25004479796838575

0 0.25004479796838575

0 0.2500448019993582

0 0.2500448019993582

0 0.25004479796838575

0 0.2500448019993582

0 0.2500448019993582

0 0.2500448019993582

0 0.25004479796838575

0 0.2500448019993582

0 0.25004479796838575

0 0.25004479796838575

1 0.250044802057783

0 0.25004479796838575

0 0.2500448019993582

0 0.2500448019993582

0 0.2500448019993582

0 0.25004479796838575

0 0.25004479796838575

0 0.250044797974473

0 0.250044797974473

0 0.25004479796838575

1 0.250044802057783

0 0.250044797974473

0 0.25004479796838575

0 0.25004479796838575

0 0.2500448019993582

0 0.250044797974473

0 0.2500447979683857

1 0.250044802057783

0 0.2500448019993582

1 0.250044802057783

1 0.250044802057783

0 0.25004479797447293

0 0.2500448019993582

0 0.2500448019993582

0 0.2500448019993582

0 0.2500448019993582

0 0.25004479796838575

0 0.25004479796838575

0 0.250044797974473

1 0.250044802057783

0 0.2500448019993582

0 0.25004479796838575

0 0.250044797974473

0 0.2500448019993582

0 0.2500448019993582

0 0.250044797974473

0 0.25004479796838575

0 0.2500448019993582

0 0.2500448019993582

0 0.250044797974473

0 0.250044797974473

0 0.25004479796838575

