0 0.277005880121396

0 0.277005880121396

0 0.2786734114977306

0 0.27697735732009926

0 0.2769773573200992

0 0.2769773573200992

0 0.2769773573200992

0 0.2769773573200992

0 0.277005880121396

1 0.27932870370370366

0 0.2769773573200992

1 0.2793287037037036

0 0.277005880121396

0 0.27867341149773056

1 0.27932870370370366

1 0.27932870370370366

1 0.27932870370370366

0 0.2769773573200992

1 0.27932870370370366

0 0.2786734114977306

1 0.27932870370370366

0 0.277005880121396

1 0.2793287037037036

0 0.27697735732009926

0 0.277005880121396

0 0.2786734114977306

0 0.2769773573200992

1 0.27932870370370366

0 0.277005880121396

0 0.27867341149773056

0 0.27867341149773056

0 0.2786734114977306

0 0.2786734114977306

0 0.27867341149773056

0 0.2786734114977306

1 0.2793287037037036

0 0.277005880121396

0 0.2769773573200992

1 0.27932870370370366

0 0.27697735732009926

1 0.2793287037037036

0 0.277005880121396

0 0.2786734114977306

0 0.277005880121396

1 0.27932870370370366

0 0.2769773573200992

0 0.2786734114977306

1 0.27932870370370366

0 0.2769773573200992

1 0.2793287037037036

0 0.277005880121396

0 0.277005880121396

0 0.277005880121396

1 0.2793287037037036

0 0.2769773573200992

0 0.27867341149773056

0 0.277005880121396

1 0.2793287037037036

0 0.2769773573200992

0 0.277005880121396

0 0.277005880121396

1 0.27932870370370366

1 0.2793287037037036

0 0.277005880121396

0 0.2769773573200992

1 0.27932870370370366

1 0.2793287037037036

0 0.277005880121396

1 0.27932870370370366

0 0.27697735732009926

0 0.277005880121396

0 0.2769773573200992

0 0.2769773573200992

0 0.2786734114977306

0 0.2769773573200992

0 0.277005880121396

0 0.27697735732009926

0 0.2786734114977306

0 0.27867341149773056

0 0.2786734114977306

1 0.2793287037037036

1 0.27932870370370366

0 0.2769773573200992

0 0.2786734114977306

0 0.27867341149773056

0 0.277005880121396

0 0.277005880121396

0 0.277005880121396

0 0.2769773573200992

0 0.27867341149773056

0 0.277005880121396

0 0.277005880121396

0 0.2769773573200992

1 0.2793287037037036

1 0.2793287037037036

0 0.277005880121396

0 0.2786734114977306

0 0.2769773573200992

0 0.2769773573200992

0 0.27697735732009926

