1 0.2507173712918361

0 0.25071730980757706

1 0.250717371291836

0 0.25071730980757706

0 0.25071625715960133

1 0.2507173712918361

0 0.25071625715960133

0 0.2507162617354426

0 0.2507162617354426

1 0.2507173712918361

0 0.25071730980757706

0 0.2507162617354426

0 0.2507162617354426

0 0.25071730980757706

0 0.25071625715960133

0 0.2507162617354426

1 0.2507173712918361

1 0.2507173712918361

0 0.25071625715960133

0 0.25071625715960133

1 0.2507173712918361

0 0.2507162617354426

0 0.25071625715960133

0 0.2507162617354426

0 0.2507162617354426

0 0.25071625715960133

0 0.25071730980757706

0 0.25071730980757706

1 0.2507173712918361

1 0.2507173712918361

0 0.2507162617354426

0 0.2507162617354426

0 0.2507162617354426

1 0.2507173712918361

0 0.2507162617354426

0 0.25071625715960133

0 0.25071730980757706

0 0.2507162617354426

0 0.25071625715960133

1 0.2507173712918361

0 0.25071730980757706

0 0.25071625715960133

0 0.2507162617354426

0 0.2507162617354426

0 0.25071625715960133

0 0.25071730980757706

1 0.2507173712918361

1 0.2507173712918361

1 0.2507173712918361

0 0.2507162617354426

0 0.2507162617354426

0 0.25071730980757706

0 0.25071625715960133

0 0.25071730980757706

0 0.25071625715960133

0 0.25071730980757706

0 0.25071730980757706

0 0.25071625715960133

1 0.2507173712918361

1 0.2507173712918361

0 0.2507162617354426

1 0.2507173712918361

0 0.2507162617354426

0 0.25071730980757706

1 0.2507173712918361

1 0.2507173712918361

0 0.25071625715960133

0 0.25071730980757706

0 0.2507162617354426

0 0.2507162617354426

0 0.25071730980757706

0 0.2507162617354426

0 0.25071625715960133

0 0.2507162617354426

0 0.2507162617354426

1 0.2507173712918361

1 0.2507173712918361

0 0.2507162617354426

0 0.25071730980757706

0 0.25071625715960133

0 0.25071730980757706

0 0.25071625715960133

1 0.2507173712918361

0 0.2507162617354426

0 0.2507162617354426

0 0.2507162617354426

0 0.25071625715960133

0 0.2507162617354426

0 0.25071625715960133

0 0.25071625715960133

0 0.25071730980757706

0 0.2507162617354426

0 0.2507162617354426

0 0.25071625715960133

0 0.2507162617354426

0 0.25071625715960133

1 0.2507173712918361

0 0.25071625715960133

1 0.2507173712918361

1 0.2507173712918361

