1 0.33317519241328086

1 0.33317519241328086

0 0.32166036800283926

0 0.32013089574172315

0 0.3290919786330295

0 0.32013089574172315

0 0.32013089574172315

0 0.3216603680028392

1 0.3331751924132809

0 0.32166036800283926

0 0.3216603680028392

0 0.32013089574172315

0 0.32013089574172315

1 0.3331751924132809

0 0.32013089574172315

1 0.3331751924132809

1 0.3331751924132809

0 0.3290919786330295

0 0.3290919786330295

1 0.33317519241328086

0 0.32013089574172315

0 0.3290919786330295

0 0.32166036800283926

0 0.32013089574172315

0 0.32166036800283926

0 0.3290919786330295

0 0.3290919786330295

0 0.3290919786330295

1 0.33317519241328086

0 0.3290919786330295

0 0.32166036800283926

1 0.3331751924132809

0 0.32013089574172315

0 0.3290919786330295

1 0.33317519241328086

0 0.3216603680028392

1 0.33317519241328086

1 0.3331751924132809

0 0.3290919786330295

0 0.32013089574172315

0 0.3290919786330295

1 0.33317519241328086

1 0.3331751924132809

1 0.33317519241328086

0 0.32166036800283926

0 0.3290919786330295

0 0.32166036800283926

0 0.32013089574172315

0 0.32013089574172315

0 0.32013089574172315

1 0.3331751924132809

1 0.3331751924132809

0 0.3290919786330295

1 0.33317519241328086

0 0.32013089574172315

0 0.32013089574172315

0 0.3290919786330295

0 0.3290919786330295

1 0.33317519241328086

0 0.32013089574172315

0 0.32166036800283926

0 0.32013089574172315

0 0.3216603680028392

0 0.3216603680028392

1 0.3331751924132809

0 0.32013089574172315

1 0.3331751924132809

1 0.33317519241328086

0 0.3290919786330295

1 0.3331751924132809

1 0.3331751924132809

1 0.3331751924132809

1 0.3331751924132809

0 0.32013089574172315

1 0.3331751924132809

1 0.33317519241328086

0 0.3290919786330295

0 0.32909197863302947

0 0.3216603680028392

1 0.33317519241328086

1 0.3331751924132809

0 0.3201308957417231

0 0.32013089574172315

0 0.3216603680028392

0 0.32013089574172315

0 0.3216603680028392

0 0.3290919786330295

0 0.32013089574172315

0 0.3216603680028392

1 0.33317519241328086

1 0.33317519241328086

0 0.3216603680028392

0 0.32166036800283926

0 0.32166036800283926

1 0.33317519241328086

0 0.32166036800283926

1 0.3331751924132809

0 0.32166036800283926

1 0.33317519241328086

1 0.33317519241328086

