0 0.4442219839784089

0 0.5031392926298075

0 0.4264492196374654

1 0.5533882408816567

0 0.44422198397840895

0 0.4442219839784089

0 0.4264492196374653

1 0.5533882408816567

1 0.5533882408816568

1 0.5533882408816568

1 0.5533882408816567

0 0.5031392926298075

0 0.42644921963746546

0 0.4264492196374653

0 0.42644921963746546

1 0.5533882408816568

1 0.5533882408816567

0 0.42644921963746546

0 0.4264492196374654

1 0.5533882408816567

0 0.5031392926298075

1 0.5533882408816567

0 0.44422198397840895

0 0.5031392926298075

0 0.5031392926298075

1 0.5533882408816568

0 0.4264492196374654

0 0.5031392926298075

0 0.5031392926298075

1 0.5533882408816568

0 0.4442219839784089

0 0.5031392926298075

1 0.5533882408816567

0 0.5031392926298075

1 0.5533882408816568

0 0.5031392926298075

0 0.42644921963746546

1 0.5533882408816567

0 0.4264492196374654

0 0.5031392926298075

0 0.44422198397840895

0 0.5031392926298075

1 0.5533882408816567

1 0.5533882408816567

0 0.5031392926298075

0 0.42644921963746546

0 0.4442219839784089

1 0.5533882408816567

0 0.42644921963746546

1 0.5533882408816568

1 0.5533882408816567

0 0.42644921963746546

0 0.5031392926298075

0 0.42644921963746546

0 0.5031392926298075

0 0.4264492196374654

0 0.4442219839784089

1 0.5533882408816568

0 0.42644921963746546

0 0.5031392926298075

1 0.5533882408816567

1 0.5533882408816567

1 0.5533882408816567

1 0.5533882408816567

0 0.4264492196374653

0 0.4264492196374653

1 0.5533882408816567

1 0.5533882408816568

0 0.42644921963746546

1 0.5533882408816567

0 0.44422198397840895

0 0.5031392926298075

1 0.5533882408816567

0 0.4442219839784089

0 0.5031392926298075

1 0.553388240881657

0 0.4442219839784089

0 0.44422198397840895

0 0.4442219839784089

1 0.5533882408816567

0 0.4264492196374654

0 0.5031392926298075

1 0.5533882408816568

0 0.5031392926298075

1 0.5533882408816568

1 0.5533882408816568

0 0.42644921963746546

0 0.5031392926298075

0 0.4264492196374653

0 0.4442219839784089

1 0.5533882408816567

1 0.5533882408816567

1 0.5533882408816568

0 0.4442219839784089

0 0.5031392926298075

0 0.5031392926298075

1 0.5533882408816567

0 0.42644921963746546

1 0.5533882408816568

1 0.5533882408816567

