1 0.26524949749522014

0 0.2648407988740815

0 0.26486507208078014

0 0.2648407988740816

0 0.2648407988740816

1 0.26524949749522014

0 0.26517852431692834

0 0.2648407988740815

0 0.26486507208078014

0 0.2648650720807802

0 0.26517852431692834

1 0.2652494974952201

0 0.2648407988740815

1 0.26524949749522014

0 0.26517852431692834

0 0.2648407988740815

0 0.26517852431692834

1 0.26524949749522014

1 0.26524949749522014

0 0.26517852431692834

0 0.26486507208078025

0 0.2648407988740815

0 0.2648407988740816

0 0.2648407988740816

0 0.26517852431692834

1 0.26524949749522014

0 0.2648407988740815

1 0.26524949749522014

0 0.2648407988740816

0 0.2648650720807802

0 0.2648407988740815

0 0.26517852431692834

0 0.2648650720807802

0 0.2648407988740816

1 0.2652494974952201

0 0.26486507208078014

0 0.2648650720807802

0 0.26517852431692834

0 0.26517852431692834

0 0.26517852431692834

0 0.2648407988740816

1 0.26524949749522014

0 0.2651785243169284

0 0.2648407988740815

1 0.2652494974952201

0 0.2648650720807802

0 0.2648407988740815

0 0.26517852431692834

0 0.2648407988740815

1 0.26524949749522014

0 0.26517852431692834

0 0.2648407988740816

0 0.2648407988740815

0 0.26517852431692834

1 0.2652494974952201

1 0.26524949749522014

1 0.2652494974952201

0 0.26486507208078014

0 0.26517852431692834

1 0.2652494974952201

0 0.2648650720807802

0 0.26517852431692834

0 0.2648407988740816

1 0.2652494974952201

0 0.26517852431692834

0 0.26486507208078014

0 0.2648407988740815

0 0.2648407988740815

1 0.2652494974952201

0 0.26517852431692834

0 0.2651785243169284

1 0.2652494974952201

0 0.26486507208078014

0 0.2648407988740816

0 0.26486507208078014

0 0.2648407988740815

0 0.26486507208078014

0 0.2648650720807802

0 0.26517852431692834

0 0.26486507208078014

0 0.2648650720807802

1 0.26524949749522014

0 0.26517852431692834

0 0.2648650720807802

0 0.2648407988740816

0 0.2648407988740816

0 0.26517852431692834

0 0.2648650720807802

0 0.26517852431692834

0 0.26486507208078014

0 0.26517852431692834

0 0.2648650720807802

1 0.2652494974952201

0 0.26517852431692834

0 0.2648407988740816

0 0.2648407988740816

0 0.2648407988740815

0 0.26517852431692834

0 0.2648650720807802

0 0.26486507208078014

