0 0.250058722719399

1 0.25005872731780826

0 0.2500587227045073

1 0.25005872731780826

1 0.25005872731780826

0 0.250058722719399

1 0.25005872731780826

1 0.25005872731780826

0 0.250058722719399

1 0.25005872731780826

0 0.2500587227045073

1 0.25005872731780826

1 0.25005872731780826

0 0.250058722719399

1 0.25005872731780826

0 0.2500587227045073

1 0.25005872731780826

0 0.2500587272582855

0 0.2500587227045073

0 0.2500587227045073

0 0.250058722719399

0 0.2500587272582855

0 0.2500587227045073

0 0.2500587272582855

0 0.2500587227045073

0 0.250058722719399

0 0.2500587272582855

0 0.250058722719399

0 0.2500587272582855

0 0.2500587227045073

0 0.2500587227045073

1 0.25005872731780826

1 0.25005872731780826

1 0.25005872731780826

0 0.2500587227045073

0 0.250058722719399

0 0.2500587272582855

0 0.2500587227045073

0 0.2500587272582855

1 0.25005872731780826

0 0.2500587227045073

0 0.2500587227045073

0 0.2500587272582855

0 0.250058722719399

0 0.250058722719399

0 0.250058722719399

1 0.25005872731780826

0 0.2500587272582855

0 0.2500587272582855

1 0.25005872731780826

0 0.2500587272582855

1 0.25005872731780826

1 0.25005872731780826

1 0.25005872731780826

0 0.2500587227045073

0 0.2500587227045073

0 0.250058722719399

1 0.25005872731780826

0 0.2500587227045073

0 0.2500587272582855

0 0.2500587227045073

1 0.25005872731780826

1 0.25005872731780826

0 0.2500587272582855

0 0.2500587227045073

0 0.2500587227045073

0 0.2500587272582855

0 0.2500587227045073

0 0.250058722719399

0 0.2500587227045073

0 0.2500587272582855

0 0.250058722719399

0 0.2500587272582855

0 0.2500587227045073

0 0.2500587227045073

0 0.250058722719399

0 0.250058722719399

0 0.2500587227045073

0 0.2500587227045073

0 0.2500587227045073

0 0.2500587227045073

0 0.250058722719399

0 0.250058722719399

1 0.25005872731780826

1 0.25005872731780826

0 0.2500587272582855

1 0.25005872731780826

1 0.25005872731780826

0 0.250058722719399

1 0.25005872731780826

1 0.25005872731780826

1 0.25005872731780826

0 0.2500587272582855

0 0.2500587272582855

1 0.25005872731780826

1 0.25005872731780826

0 0.2500587272582855

0 0.2500587272582855

0 0.2500587272582855

0 0.250058722719399

