1 0.7470199651302417

0 0.6303996905405146

0 0.46662848594011974

1 0.7470199651302417

0 0.46662848594011974

0 0.48873989700606735

0 0.48873989700606735

1 0.7470199651302417

1 0.7470199651302417

1 0.7470199651302417

1 0.7470199651302417

1 0.7470199651302417

0 0.48873989700606735

0 0.46662848594011974

1 0.7470199651302417

0 0.46662848594011974

0 0.6303996905405146

0 0.46662848594011974

1 0.7470199651302417

0 0.46662848594011974

0 0.6303996905405146

0 0.46662848594011974

1 0.7470199651302417

1 0.7470199651302417

1 0.7470199651302417

1 0.7470199651302417

0 0.46662848594011974

1 0.7470199651302417

1 0.7470199651302417

0 0.46662848594011974

0 0.48873989700606735

0 0.6303996905405146

0 0.46662848594011974

1 0.7470199651302417

1 0.7470199651302417

1 0.7470199651302417

1 0.7470199651302417

0 0.46662848594011974

1 0.7470199651302417

1 0.7470199651302417

0 0.46662848594011974

0 0.6303996905405146

0 0.6303996905405146

0 0.46662848594011974

1 0.7470199651302417

1 0.7470199651302417

0 0.48873989700606735

0 0.48873989700606735

1 0.7470199651302417

1 0.7470199651302417

0 0.48873989700606735

0 0.6303996905405146

0 0.6303996905405146

1 0.7470199651302417

1 0.7470199651302417

0 0.46662848594011974

0 0.46662848594011974

0 0.6303996905405146

1 0.7470199651302417

0 0.46662848594011974

1 0.7470199651302417

1 0.7470199651302417

0 0.46662848594011974

1 0.7470199651302417

0 0.46662848594011974

0 0.46662848594011974

0 0.46662848594011974

0 0.46662848594011974

0 0.46662848594011974

0 0.6303996905405146

1 0.7470199651302417

0 0.48873989700606735

1 0.7470199651302417

1 0.7470199651302417

1 0.7470199651302418

1 0.7470199651302417

0 0.48873989700606735

1 0.7470199651302417

1 0.7470199651302417

0 0.6303996905405146

1 0.7470199651302417

0 0.6303996905405146

1 0.7470199651302417

0 0.6303996905405146

1 0.7470199651302417

1 0.7470199651302417

0 0.46662848594011974

1 0.7470199651302417

1 0.7470199651302417

0 0.48873989700606735

1 0.7470199651302417

1 0.7470199651302417

1 0.7470199651302417

1 0.7470199651302417

1 0.7470199651302417

0 0.46662848594011974

1 0.7470199651302417

0 0.6303996905405146

1 0.7470199651302417

1 0.7470199651302417

