0 0.28567461017611095

0 0.28567461017611095

0 0.2854277858155548

0 0.28542778581555484

1 0.28818397710946997

0 0.2856746101761109

0 0.28567461017611095

0 0.2856746101761109

0 0.28542778581555484

0 0.28542778581555484

1 0.28818397710947

1 0.28818397710946997

0 0.28750695796697096

0 0.28750695796697096

0 0.28542778581555484

0 0.28542778581555484

0 0.2856746101761109

0 0.28542778581555484

0 0.2875069579669709

0 0.28542778581555484

0 0.28750695796697096

1 0.28818397710946997

0 0.28750695796697096

0 0.28750695796697096

0 0.28567461017611095

1 0.28818397710947

0 0.2875069579669709

0 0.2856746101761109

0 0.28750695796697096

0 0.28542778581555484

0 0.28542778581555484

1 0.28818397710946997

0 0.28750695796697096

1 0.28818397710947

0 0.2875069579669709

0 0.28542778581555484

0 0.28542778581555484

0 0.28750695796697096

0 0.2856746101761109

0 0.28542778581555484

1 0.28818397710946997

0 0.28567461017611095

0 0.28567461017611095

1 0.28818397710947

1 0.28818397710947

0 0.28542778581555484

0 0.2856746101761109

0 0.2856746101761109

1 0.28818397710946997

0 0.28750695796697096

1 0.28818397710946997

0 0.28542778581555484

0 0.28567461017611095

1 0.28818397710947

0 0.2875069579669709

0 0.28542778581555484

0 0.28542778581555484

0 0.2875069579669709

1 0.28818397710946997

1 0.28818397710947

0 0.28567461017611095

0 0.28542778581555484

0 0.28750695796697096

0 0.28542778581555484

0 0.28542778581555484

0 0.28567461017611095

0 0.28542778581555484

0 0.28567461017611095

0 0.28750695796697096

0 0.28750695796697096

0 0.2854277858155548

0 0.2856746101761109

1 0.28818397710947

1 0.28818397710947

0 0.28542778581555484

0 0.28542778581555484

0 0.28567461017611095

1 0.28818397710946997

0 0.2875069579669709

0 0.2875069579669709

0 0.2856746101761109

0 0.28750695796697096

0 0.28750695796697096

0 0.28567461017611095

1 0.28818397710946997

0 0.2856746101761109

0 0.28750695796697096

0 0.28542778581555484

0 0.28542778581555484

0 0.2875069579669709

0 0.28542778581555484

0 0.28542778581555484

0 0.2856746101761109

0 0.28542778581555484

0 0.2856746101761109

0 0.28567461017611095

0 0.28567461017611095

0 0.2856746101761109

1 0.28818397710947

0 0.28542778581555484

