1 0.2509402452039125

0 0.25094018208028185

0 0.25094018208028185

0 0.25093899506533474

0 0.25093899506533474

0 0.2509389950653347

1 0.2509402452039125

0 0.2509389776435148

0 0.2509389776435148

0 0.25093897764351486

1 0.2509402452039125

0 0.25094018208028185

0 0.2509389950653347

1 0.2509402452039125

0 0.25093899506533474

0 0.25093897764351486

0 0.25093897764351486

0 0.2509389950653347

0 0.25093897764351486

1 0.2509402452039125

1 0.2509402452039125

0 0.2509389950653347

0 0.25093897764351486

0 0.25094018208028185

1 0.2509402452039125

0 0.25094018208028185

0 0.25093897764351486

0 0.25093897764351486

0 0.2509389776435148

0 0.25093899506533474

0 0.25094018208028185

0 0.25094018208028185

1 0.2509402452039125

0 0.25093899506533474

0 0.2509389776435148

0 0.2509389950653347

0 0.25093897764351486

1 0.2509402452039125

0 0.25093897764351486

0 0.25093897764351486

0 0.2509389950653347

0 0.25093897764351486

1 0.2509402452039125

0 0.25094018208028185

0 0.25094018208028185

0 0.25093899506533474

1 0.2509402452039125

0 0.2509389776435148

0 0.2509401820802819

0 0.25094018208028185

1 0.2509402452039125

0 0.25094018208028185

1 0.2509402452039125

0 0.2509389950653347

1 0.2509402452039125

0 0.2509389776435148

0 0.2509389950653347

0 0.25094018208028185

0 0.25093899506533474

0 0.25093897764351486

0 0.25094018208028185

0 0.25093897764351486

1 0.2509402452039125

1 0.2509402452039125

0 0.25094018208028185

1 0.2509402452039125

0 0.25094018208028185

0 0.25094018208028185

0 0.2509389950653347

0 0.25094018208028185

1 0.2509402452039125

0 0.25093897764351486

1 0.2509402452039125

1 0.2509402452039125

0 0.25093897764351486

0 0.25093897764351486

0 0.2509389776435148

0 0.25093899506533474

0 0.25093899506533474

0 0.25093897764351486

0 0.25093899506533474

0 0.25094018208028185

0 0.25094018208028185

0 0.25094018208028185

1 0.2509402452039125

0 0.25094018208028185

0 0.2509389776435148

0 0.25094018208028185

1 0.2509402452039125

0 0.25093899506533474

0 0.25093897764351486

0 0.25093897764351486

0 0.25094018208028185

0 0.25093899506533474

0 0.25094018208028185

0 0.25093897764351486

0 0.2509389776435149

0 0.25093899506533474

0 0.25094018208028185

0 0.25094018208028185

