0 0.39876397074549375

0 0.39876397074549375

0 0.3693736269918025

0 0.39876397074549375

0 0.37572000032715486

0 0.3693736269918025

1 0.4157288409933004

0 0.39876397074549375

0 0.3693736269918025

1 0.4157288409933004

1 0.4157288409933004

0 0.37572000032715486

1 0.4157288409933003

0 0.3693736269918025

1 0.4157288409933003

0 0.39876397074549375

1 0.4157288409933003

0 0.39876397074549375

0 0.37572000032715486

0 0.37572000032715486

0 0.37572000032715486

1 0.4157288409933003

0 0.37572000032715486

0 0.39876397074549375

0 0.3693736269918025

0 0.39876397074549375

0 0.3693736269918025

1 0.4157288409933003

0 0.3693736269918025

0 0.39876397074549375

0 0.3693736269918025

0 0.39876397074549375

1 0.4157288409933004

0 0.3693736269918025

0 0.3693736269918025

0 0.3693736269918025

0 0.39876397074549375

1 0.4157288409933003

0 0.3693736269918025

0 0.37572000032715486

0 0.39876397074549375

0 0.3693736269918025

1 0.4157288409933003

1 0.4157288409933004

1 0.4157288409933003

0 0.39876397074549375

0 0.3693736269918025

1 0.4157288409933004

1 0.4157288409933003

0 0.37572000032715486

0 0.37572000032715486

0 0.37572000032715486

1 0.4157288409933003

1 0.4157288409933003

0 0.39876397074549375

0 0.3693736269918025

0 0.39876397074549375

0 0.37572000032715486

0 0.3693736269918025

0 0.39876397074549375

1 0.4157288409933003

1 0.4157288409933003

0 0.39876397074549375

1 0.4157288409933003

0 0.37572000032715486

0 0.39876397074549375

1 0.4157288409933003

1 0.4157288409933004

0 0.39876397074549375

0 0.3693736269918025

1 0.4157288409933003

1 0.4157288409933003

1 0.4157288409933003

0 0.3693736269918025

0 0.37572000032715486

0 0.37572000032715486

1 0.4157288409933003

0 0.37572000032715486

0 0.36937362699180265

1 0.4157288409933003

1 0.4157288409933004

1 0.4157288409933003

0 0.37572000032715486

0 0.3693736269918025

0 0.37572000032715486

0 0.3693736269918025

0 0.37572000032715486

0 0.39876397074549375

0 0.37572000032715486

1 0.4157288409933003

0 0.39876397074549375

0 0.3693736269918025

0 0.39876397074549375

1 0.4157288409933003

0 0.3693736269918025

0 0.37572000032715486

0 0.3693736269918025

0 0.39876397074549375

0 0.37572000032715486

0 0.3693736269918025

