0 0.25474050938129

0 0.254739326409208

0 0.254739326409208

0 0.254739326409208

1 0.2547754386395402

1 0.2547754386395402

1 0.2547754386395403

0 0.25474050938129

0 0.254739326409208

1 0.2547754386395403

0 0.2547716207772732

0 0.2547716207772732

1 0.2547754386395403

0 0.254739326409208

0 0.25474050938129

0 0.254739326409208

0 0.2547716207772732

0 0.2547716207772732

0 0.25474050938129

0 0.25474050938129

0 0.254739326409208

0 0.2547716207772732

0 0.25474050938129

0 0.254739326409208

0 0.2547716207772732

0 0.254739326409208

0 0.25474050938129

0 0.2547716207772732

0 0.25474050938129

0 0.2547716207772732

0 0.254739326409208

0 0.254739326409208

0 0.254739326409208

0 0.2547716207772732

0 0.254739326409208

0 0.2547716207772732

0 0.254739326409208

0 0.25474050938129

0 0.25474050938129

0 0.2547716207772732

0 0.254739326409208

0 0.254739326409208

0 0.2547716207772732

0 0.25474050938129

0 0.2547716207772732

0 0.254739326409208

0 0.254739326409208

1 0.2547754386395402

0 0.254739326409208

1 0.2547754386395402

1 0.2547754386395403

0 0.25474050938129

0 0.2547716207772732

1 0.2547754386395403

0 0.2547716207772732

0 0.2547716207772732

0 0.25474050938129

0 0.254739326409208

0 0.2547716207772732

0 0.254739326409208

1 0.2547754386395403

0 0.2547716207772732

0 0.254739326409208

0 0.254739326409208

1 0.2547754386395403

0 0.25474050938129

0 0.2547716207772732

1 0.2547754386395403

1 0.2547754386395403

0 0.254739326409208

0 0.254739326409208

0 0.25474050938129

0 0.2547716207772732

1 0.2547754386395403

0 0.254739326409208

0 0.25474050938129

0 0.2547716207772732

0 0.25474050938129

0 0.25474050938129

1 0.2547754386395403

0 0.2547716207772732

1 0.2547754386395403

0 0.25474050938129

0 0.25474050938129

1 0.2547754386395403

0 0.25474050938129

0 0.254739326409208

0 0.25474050938129

0 0.2547716207772732

1 0.2547754386395403

0 0.2547716207772732

0 0.2547716207772732

0 0.2547716207772732

0 0.2547716207772732

1 0.2547754386395402

1 0.2547754386395403

1 0.2547754386395402

1 0.2547754386395402

0 0.25474050938129

0 0.25474050938129

