1 0.9694767441860465

1 0.9694767441860465

1 0.9694767441860465

0 0.24360795454545425

1 0.9694767441860465

1 0.9694767441860465

0 0.4750000000000001

1 0.9694767441860465

1 0.9694767441860465

1 0.9694767441860465

1 0.9694767441860465

1 0.9694767441860465

1 0.9694767441860465

1 0.9694767441860465

1 0.9694767441860465

1 0.9694767441860465

1 0.9694767441860465

1 0.9694767441860465

1 0.9694767441860465

1 0.9694767441860465

1 0.9694767441860465

0 0.4750000000000001

1 0.9694767441860465

1 0.9694767441860465

1 0.9694767441860465

1 0.9694767441860465

1 0.9694767441860465

1 0.9694767441860465

1 0.9694767441860465

1 0.9694767441860465

1 0.9694767441860465

1 0.9694767441860465

1 0.9694767441860465

1 0.9694767441860465

0 0.024999999999999967

1 0.9694767441860465

1 0.9694767441860465

1 0.9694767441860465

0 0.24360795454545425

1 0.9694767441860465

1 0.9694767441860465

1 0.9694767441860465

1 0.9694767441860465

0 0.24360795454545447

1 0.9694767441860465

1 0.9694767441860465

0 0.24360795454545425

0 0.4750000000000001

1 0.9694767441860465

0 0.24360795454545425

1 0.9694767441860465

1 0.9694767441860465

1 0.9694767441860465

1 0.9694767441860465

1 0.9694767441860465

1 0.9694767441860465

1 0.9694767441860465

1 0.9694767441860465

1 0.9694767441860465

1 0.9694767441860465

1 0.9694767441860465

1 0.9694767441860465

0 0.4750000000000001

1 0.9694767441860465

0 0.24360795454545425

1 0.9694767441860465

1 0.9694767441860465

0 0.024999999999999967

1 0.9694767441860465

1 0.9694767441860465

1 0.9694767441860465

1 0.9694767441860465

1 0.9694767441860465

1 0.9694767441860465

0 0.024999999999999967

1 0.9694767441860465

1 0.9694767441860465

1 0.9694767441860465

1 0.9694767441860465

1 0.9694767441860465

1 0.9694767441860465

1 0.9694767441860465

1 0.9694767441860465

0 0.24360795454545425

1 0.9694767441860465

1 0.9694767441860465

0 0.024999999999999994

1 0.9694767441860465

1 0.9694767441860465

1 0.9694767441860465

1 0.9694767441860465

1 0.9694767441860465

0 0.4750000000000001

1 0.9694767441860465

1 0.9694767441860465

1 0.9694767441860465

0 0.24360795454545425

1 0.9694767441860465

1 0.9694767441860465

1 0.9694767441860465

