0 0.2952898550724638

1 0.298444976076555

0 0.2958955223880598

0 0.2958955223880598

0 0.2958955223880598

0 0.2978486646884273

0 0.2958955223880598

0 0.2978486646884273

0 0.2952898550724638

0 0.2978486646884273

0 0.2952898550724638

1 0.298444976076555

0 0.2958955223880598

1 0.298444976076555

0 0.2978486646884273

0 0.2978486646884273

0 0.2958955223880597

0 0.2978486646884273

0 0.2978486646884273

0 0.2958955223880598

0 0.2958955223880598

1 0.298444976076555

1 0.298444976076555

0 0.2978486646884273

0 0.2958955223880598

0 0.2952898550724638

0 0.2958955223880598

1 0.298444976076555

0 0.2952898550724638

0 0.2952898550724638

0 0.2958955223880597

0 0.2958955223880598

0 0.2978486646884273

0 0.2978486646884273

0 0.2952898550724638

0 0.2958955223880597

0 0.2952898550724638

0 0.2958955223880597

0 0.2952898550724638

1 0.298444976076555

0 0.2978486646884273

1 0.298444976076555

0 0.2978486646884273

0 0.2958955223880597

0 0.2958955223880597

1 0.298444976076555

1 0.298444976076555

0 0.2958955223880597

0 0.2952898550724638

1 0.298444976076555

0 0.2978486646884273

0 0.2958955223880598

0 0.2978486646884273

0 0.2952898550724638

0 0.2952898550724638

0 0.2978486646884273

0 0.2978486646884273

0 0.2978486646884273

0 0.2958955223880598

1 0.298444976076555

0 0.2952898550724638

0 0.2958955223880597

0 0.2952898550724638

0 0.2952898550724638

0 0.2952898550724638

0 0.2958955223880597

1 0.298444976076555

0 0.2958955223880597

0 0.2958955223880597

0 0.2958955223880597

0 0.2978486646884273

0 0.2958955223880598

0 0.2978486646884273

0 0.2978486646884273

1 0.298444976076555

0 0.2978486646884273

0 0.2978486646884273

0 0.2958955223880598

0 0.2978486646884273

1 0.298444976076555

0 0.2978486646884273

0 0.2978486646884273

1 0.298444976076555

0 0.2952898550724638

0 0.2952898550724638

0 0.2978486646884273

1 0.298444976076555

0 0.2952898550724638

0 0.2958955223880598

1 0.298444976076555

0 0.2958955223880598

1 0.298444976076555

0 0.2958955223880597

0 0.2978486646884273

1 0.298444976076555

1 0.298444976076555

1 0.298444976076555

0 0.2958955223880597

1 0.298444976076555

0 0.2978486646884273

