0 0.5733350163494075

0 0.5733350163494075

1 0.7970144263301264

1 0.7970144263301264

1 0.7970144263301264

1 0.7970144263301264

0 0.7076218950324532

0 0.5733350163494075

1 0.7970144263301264

1 0.7970144263301264

1 0.7970144263301264

0 0.5733350163494075

1 0.7970144263301264

1 0.7970144263301264

0 0.7076218950324532

1 0.7970144263301264

1 0.7970144263301264

0 0.5733350163494075

0 0.7076218950324532

1 0.7970144263301264

1 0.7970144263301264

0 0.5733350163494075

1 0.7970144263301264

1 0.7970144263301264

0 0.7076218950324532

1 0.7970144263301264

0 0.7662877543069335

0 0.5733350163494075

1 0.7970144263301264

1 0.7970144263301264

1 0.7970144263301264

0 0.7662877543069335

0 0.7076218950324532

0 0.7662877543069335

1 0.7970144263301264

1 0.7970144263301264

0 0.7662877543069335

0 0.7662877543069335

1 0.7970144263301264

1 0.7970144263301264

1 0.7970144263301264

0 0.7076218950324532

1 0.7970144263301264

1 0.7970144263301264

1 0.7970144263301264

1 0.7970144263301264

1 0.7970144263301264

0 0.7662877543069335

1 0.7970144263301264

0 0.5733350163494075

0 0.7662877543069335

1 0.7970144263301264

0 0.5733350163494075

0 0.5733350163494075

0 0.5733350163494075

1 0.7970144263301264

1 0.7970144263301264

0 0.5733350163494075

1 0.7970144263301264

1 0.7970144263301264

0 0.7662877543069335

1 0.7970144263301264

1 0.7970144263301264

1 0.7970144263301264

1 0.7970144263301264

1 0.7970144263301264

0 0.5733350163494075

0 0.5733350163494075

1 0.7970144263301264

1 0.7970144263301264

1 0.7970144263301264

1 0.7970144263301264

1 0.7970144263301264

1 0.7970144263301264

0 0.7076218950324532

0 0.7076218950324532

1 0.7970144263301264

1 0.7970144263301264

1 0.7970144263301264

0 0.5733350163494075

1 0.7970144263301264

1 0.7970144263301264

0 0.7076218950324532

0 0.7662877543069335

1 0.7970144263301264

1 0.7970144263301264

1 0.7970144263301264

0 0.7076218950324532

0 0.7076218950324532

1 0.7970144263301264

1 0.7970144263301264

1 0.7970144263301264

1 0.7970144263301264

1 0.7970144263301264

1 0.7970144263301264

0 0.7076218950324532

0 0.5733350163494075

0 0.7662877543069335

0 0.7076218950324532

1 0.7970144263301264

