1 0.35430807393566105

1 0.35430807393566105

0 0.3397747429131073

0 0.34340467987916157

1 0.35430807393566105

0 0.3509106852741844

0 0.33977474291310733

0 0.3509106852741844

1 0.35430807393566105

0 0.33977474291310733

1 0.35430807393566105

0 0.3434046798791615

0 0.3397747429131073

0 0.3509106852741844

0 0.3509106852741844

1 0.35430807393566105

0 0.34340467987916157

0 0.3397747429131073

0 0.33977474291310733

0 0.3509106852741844

0 0.3397747429131073

1 0.35430807393566105

0 0.3397747429131073

0 0.34340467987916157

1 0.35430807393566105

0 0.34340467987916157

0 0.3397747429131073

0 0.3434046798791615

1 0.35430807393566105

0 0.3397747429131073

0 0.3509106852741844

1 0.35430807393566105

1 0.35430807393566105

0 0.3434046798791615

0 0.33977474291310733

0 0.34340467987916157

0 0.3509106852741844

0 0.3509106852741844

1 0.35430807393566105

0 0.33977474291310733

0 0.3434046798791615

0 0.3434046798791615

0 0.3434046798791615

0 0.3509106852741844

1 0.35430807393566105

0 0.3434046798791615

1 0.35430807393566105

1 0.35430807393566105

0 0.35091068527418434

1 0.35430807393566105

0 0.35091068527418434

0 0.3509106852741844

0 0.3434046798791615

0 0.3434046798791615

0 0.35091068527418434

0 0.3509106852741844

0 0.35091068527418434

0 0.35091068527418445

0 0.3397747429131073

0 0.3397747429131073

1 0.35430807393566105

0 0.3509106852741844

0 0.3434046798791615

1 0.35430807393566105

1 0.35430807393566105

0 0.3434046798791615

1 0.35430807393566105

1 0.35430807393566105

0 0.3509106852741844

1 0.35430807393566105

0 0.3509106852741844

0 0.3397747429131073

0 0.3509106852741844

0 0.3397747429131073

0 0.3397747429131073

0 0.3397747429131073

0 0.3397747429131074

1 0.35430807393566105

1 0.35430807393566105

1 0.35430807393566105

0 0.35091068527418434

0 0.3509106852741844

0 0.3397747429131073

0 0.34340467987916157

1 0.35430807393566105

0 0.3509106852741844

0 0.3434046798791615

0 0.35091068527418434

0 0.3434046798791615

0 0.3397747429131073

0 0.3509106852741844

0 0.3434046798791615

1 0.35430807393566105

1 0.35430807393566105

0 0.3397747429131073

0 0.3509106852741844

0 0.3434046798791615

0 0.33977474291310733

0 0.34340467987916157

0 0.3509106852741844

