0 0.251199339353215

1 0.251200715605416

1 0.251200715605416

0 0.2511992843907737

0 0.251199339353215

1 0.251200715605416

0 0.2511992843907737

0 0.25120066064353763

0 0.2512006606435376

1 0.251200715605416

0 0.2512006606435376

0 0.251199339353215

0 0.251199339353215

0 0.2512006606435376

0 0.2511992843907737

0 0.2511992843907737

0 0.2511992843907737

1 0.251200715605416

0 0.251199339353215

1 0.251200715605416

0 0.2511992843907737

0 0.2511992843907737

0 0.2512006606435376

0 0.2511992843907737

1 0.251200715605416

0 0.2511992843907737

1 0.251200715605416

0 0.2512006606435376

1 0.251200715605416

0 0.251199339353215

0 0.2511992843907737

0 0.2511992843907737

0 0.2512006606435376

0 0.2512006606435376

1 0.251200715605416

0 0.251199339353215

0 0.2511992843907737

1 0.251200715605416

0 0.2512006606435376

0 0.2512006606435376

0 0.251199339353215

0 0.251199339353215

0 0.2512006606435376

0 0.2511992843907737

0 0.2512006606435376

0 0.251199339353215

0 0.2512006606435376

1 0.251200715605416

0 0.2511992843907737

0 0.251199339353215

0 0.2511992843907737

0 0.2511992843907737

0 0.251199339353215

0 0.251199339353215

0 0.251199339353215

0 0.2511992843907737

0 0.2511992843907737

0 0.2511992843907737

0 0.2512006606435376

0 0.2512006606435376

1 0.251200715605416

0 0.2511992843907737

1 0.251200715605416

0 0.2511992843907737

0 0.2512006606435376

0 0.2512006606435376

0 0.251199339353215

0 0.2512006606435376

0 0.2511992843907737

0 0.2512006606435376

0 0.2512006606435376

1 0.251200715605416

0 0.2512006606435376

1 0.251200715605416

0 0.2511992843907737

0 0.2512006606435376

0 0.251199339353215

0 0.2512006606435376

1 0.251200715605416

0 0.251199339353215

1 0.251200715605416

0 0.2512006606435376

0 0.2512006606435376

0 0.251199339353215

0 0.251199339353215

1 0.251200715605416

0 0.2511992843907737

0 0.2512006606435376

0 0.25120066064353763

0 0.2511992843907737

0 0.2511992843907737

0 0.2511992843907737

1 0.251200715605416

0 0.251199339353215

1 0.251200715605416

0 0.2512006606435376

1 0.251200715605416

0 0.251199339353215

1 0.251200715605416

0 0.2511992843907737

