0 0.25007499742526

0 0.25007500252375997

1 0.2500750025747399

0 0.25007499747623996

0 0.25007499742526

0 0.25007499747623996

1 0.2500750025747399

1 0.2500750025747399

0 0.25007500252376

1 0.2500750025747399

0 0.25007500252376

0 0.25007499747623996

1 0.2500750025747399

0 0.25007499742526007

0 0.25007500252375997

0 0.25007499742526

0 0.25007499747623996

0 0.25007499742526007

0 0.25007499747623996

0 0.25007499742526

0 0.25007499747624

1 0.2500750025747399

0 0.25007499742526

0 0.25007500252375997

1 0.2500750025747399

0 0.25007499742526007

0 0.25007499742526007

0 0.25007500252375997

1 0.2500750025747399

0 0.25007500252376

1 0.2500750025747399

0 0.25007499747623996

0 0.25007500252376

0 0.25007500252375997

0 0.25007499742526007

0 0.25007500252375997

0 0.25007499742526

1 0.2500750025747399

0 0.25007499742526007

0 0.25007500252376

0 0.25007499747623996

0 0.25007499742526

0 0.25007499742526007

1 0.2500750025747399

0 0.25007499747623996

0 0.25007499747623996

1 0.2500750025747399

0 0.25007499742526007

0 0.25007499747624

0 0.25007500252376

0 0.25007500252375997

1 0.2500750025747399

1 0.2500750025747399

0 0.25007500252375997

0 0.25007499747624

0 0.25007499747624

1 0.2500750025747399

0 0.25007499747624

0 0.25007500252375997

0 0.25007499742526007

0 0.25007499742526

0 0.25007499742526007

1 0.2500750025747399

0 0.25007499747624

0 0.25007500252375997

0 0.25007499747623996

0 0.25007499742526

0 0.25007499747624

1 0.2500750025747399

1 0.2500750025747399

1 0.2500750025747399

0 0.25007499747624

0 0.25007500252376

1 0.2500750025747399

0 0.25007499742526007

0 0.25007499747623996

1 0.2500750025747399

0 0.25007499747624

0 0.25007500252376

0 0.25007499742526007

1 0.2500750025747399

1 0.2500750025747399

1 0.2500750025747399

0 0.25007499742526

1 0.2500750025747399

0 0.25007499747623996

0 0.25007499747623996

1 0.2500750025747399

0 0.25007499747624

0 0.25007499747624

0 0.25007500252375997

0 0.25007499747623996

1 0.2500750025747399

0 0.25007499747624

1 0.2500750025747399

1 0.2500750025747399

1 0.2500750025747399

0 0.25007499742526007

0 0.25007499747624

0 0.25007499747624

