0 0.48393897630259175

1 0.604236305887301

0 0.533770373383359

1 0.6042363058873009

1 0.6042363058873009

0 0.48393897630259175

0 0.533770373383359

1 0.604236305887301

0 0.533770373383359

1 0.604236305887301

0 0.5770841333193252

0 0.533770373383359

1 0.6042363058873009

0 0.5770841333193251

0 0.48393897630259175

0 0.48393897630259175

0 0.48393897630259175

0 0.533770373383359

1 0.604236305887301

1 0.604236305887301

0 0.5770841333193252

1 0.604236305887301

0 0.48393897630259175

1 0.6042363058873009

0 0.5770841333193251

0 0.5770841333193252

0 0.48393897630259175

0 0.48393897630259175

0 0.5770841333193252

0 0.5770841333193251

0 0.48393897630259175

1 0.6042363058873009

1 0.604236305887301

0 0.48393897630259175

1 0.604236305887301

1 0.6042363058873009

1 0.6042363058873009

0 0.533770373383359

1 0.604236305887301

0 0.48393897630259175

0 0.48393897630259175

0 0.533770373383359

0 0.48393897630259175

0 0.48393897630259175

0 0.533770373383359

1 0.604236305887301

1 0.604236305887301

0 0.533770373383359

0 0.533770373383359

0 0.48393897630259175

1 0.604236305887301

1 0.6042363058873009

0 0.5770841333193251

0 0.5770841333193251

0 0.48393897630259175

0 0.5770841333193251

1 0.604236305887301

1 0.6042363058873009

0 0.48393897630259175

0 0.48393897630259175

0 0.5770841333193252

0 0.533770373383359

0 0.48393897630259175

1 0.6042363058873009

1 0.604236305887301

1 0.604236305887301

0 0.48393897630259175

0 0.533770373383359

0 0.5770841333193252

0 0.533770373383359

1 0.604236305887301

0 0.48393897630259175

1 0.604236305887301

0 0.533770373383359

0 0.5770841333193252

1 0.604236305887301

1 0.604236305887301

0 0.48393897630259175

0 0.5770841333193251

0 0.5770841333193252

1 0.604236305887301

1 0.604236305887301

1 0.6042363058873009

1 0.6042363058873009

1 0.604236305887301

0 0.533770373383359

0 0.48393897630259175

1 0.604236305887301

0 0.48393897630259175

0 0.533770373383359

0 0.533770373383359

1 0.604236305887301

1 0.6042363058873009

1 0.604236305887301

0 0.5770841333193252

0 0.5770841333193252

1 0.6042363058873009

0 0.533770373383359

0 0.5770841333193252

0 0.5770841333193252

