1 0.45255082083086773

1 0.4525508208308677

0 0.41921980077287585

0 0.4192198007728759

0 0.4402301222251116

1 0.45255082083086773

0 0.40385686529689946

0 0.4402301222251115

1 0.45255082083086773

0 0.4192198007728759

0 0.40385686529689946

1 0.45255082083086773

0 0.40385686529689946

1 0.45255082083086773

0 0.40385686529689946

0 0.40385686529689946

0 0.41921980077287585

0 0.40385686529689946

0 0.4402301222251115

0 0.4192198007728759

1 0.45255082083086773

1 0.45255082083086773

1 0.45255082083086773

0 0.40385686529689946

0 0.40385686529689946

1 0.45255082083086773

1 0.45255082083086773

0 0.4192198007728759

0 0.4402301222251115

0 0.40385686529689946

0 0.41921980077287585

1 0.45255082083086773

0 0.4192198007728759

0 0.4402301222251115

0 0.40385686529689946

0 0.40385686529689946

0 0.4192198007728759

0 0.4192198007728759

0 0.40385686529689946

1 0.45255082083086773

1 0.45255082083086784

1 0.45255082083086773

0 0.4402301222251116

1 0.45255082083086773

0 0.4192198007728759

1 0.45255082083086773

0 0.4402301222251115

0 0.40385686529689946

0 0.40385686529689946

0 0.40385686529689946

1 0.45255082083086773

0 0.4192198007728759

0 0.4192198007728759

1 0.45255082083086784

0 0.40385686529689946

0 0.40385686529689946

1 0.45255082083086773

1 0.45255082083086773

0 0.41921980077287585

0 0.40385686529689946

0 0.40385686529689946

0 0.4402301222251116

1 0.45255082083086784

0 0.4402301222251115

1 0.45255082083086773

1 0.45255082083086773

0 0.4038568652968995

0 0.4402301222251116

0 0.40385686529689946

0 0.40385686529689946

1 0.45255082083086784

0 0.40385686529689946

0 0.4402301222251115

1 0.45255082083086784

0 0.4038568652968995

0 0.40385686529689946

0 0.40385686529689946

0 0.4192198007728759

0 0.4402301222251115

1 0.45255082083086773

0 0.4402301222251115

0 0.4192198007728759

0 0.4192198007728759

0 0.4038568652968995

0 0.40385686529689946

0 0.4402301222251115

1 0.45255082083086773

1 0.45255082083086773

0 0.40385686529689946

0 0.4038568652968995

1 0.45255082083086773

0 0.4038568652968995

0 0.4402301222251116

1 0.45255082083086773

0 0.40385686529689946

1 0.45255082083086773

1 0.45255082083086773

1 0.45255082083086773

1 0.45255082083086773

0 0.40385686529689946

