1 0.26943513376933104

1 0.26943513376933104

0 0.2689645099136055

0 0.2693717049253207

0 0.2693717049253207

1 0.26943513376933104

0 0.2693717049253207

0 0.2689645099136055

0 0.2693717049253207

0 0.2689645099136055

0 0.2689645099136055

0 0.2689645099136055

0 0.2690281051442201

0 0.2693717049253207

1 0.26943513376933104

1 0.26943513376933104

1 0.26943513376933104

0 0.2693717049253207

1 0.26943513376933104

1 0.26943513376933104

1 0.26943513376933104

0 0.2690281051442201

0 0.2690281051442201

1 0.26943513376933104

0 0.2690281051442201

1 0.26943513376933104

1 0.26943513376933104

0 0.2693717049253207

1 0.26943513376933104

0 0.2693717049253207

0 0.2689645099136055

0 0.2693717049253207

1 0.26943513376933104

0 0.2690281051442201

1 0.26943513376933104

0 0.2689645099136055

0 0.2689645099136055

1 0.26943513376933104

0 0.2690281051442201

0 0.2690281051442201

1 0.26943513376933104

1 0.26943513376933104

0 0.2690281051442201

0 0.2690281051442201

0 0.2689645099136055

0 0.2690281051442201

0 0.2693717049253207

1 0.26943513376933104

0 0.2690281051442201

0 0.2689645099136055

0 0.2690281051442201

0 0.2690281051442201

0 0.2690281051442201

0 0.2689645099136055

0 0.2690281051442201

0 0.2690281051442201

0 0.2689645099136055

0 0.2693717049253207

1 0.26943513376933104

0 0.2693717049253207

1 0.26943513376933104

1 0.26943513376933104

0 0.2693717049253207

0 0.2689645099136055

0 0.2690281051442201

0 0.2693717049253207

1 0.26943513376933104

0 0.2690281051442201

0 0.2690281051442201

0 0.2690281051442201

0 0.2690281051442201

1 0.26943513376933104

1 0.26943513376933104

1 0.26943513376933104

0 0.2689645099136055

0 0.2690281051442201

0 0.2689645099136055

0 0.2693717049253207

0 0.2690281051442201

0 0.2693717049253207

0 0.2693717049253207

0 0.2689645099136055

0 0.2693717049253207

0 0.2689645099136055

0 0.2690281051442201

0 0.2689645099136055

1 0.26943513376933104

0 0.2689645099136055

0 0.2693717049253207

1 0.26943513376933104

0 0.2689645099136055

1 0.26943513376933104

0 0.2689645099136055

1 0.26943513376933104

0 0.2693717049253207

0 0.2693717049253207

0 0.2693717049253207

0 0.2690281051442201

0 0.2693717049253207

0 0.2689645099136055

