0 0.2560543511338393

0 0.2560543511338393

0 0.2560577360878469

0 0.25609226184928513

0 0.2560543511338393

0 0.2560577360878469

0 0.25609226184928513

1 0.25609564591511985

0 0.2560543511338393

0 0.25609226184928513

0 0.2560543511338393

0 0.2560543511338393

0 0.25609226184928513

1 0.25609564591511985

1 0.25609564591511985

1 0.25609564591511985

1 0.25609564591511985

1 0.25609564591511985

0 0.25609226184928513

1 0.25609564591511985

0 0.2560543511338393

0 0.2560577360878469

0 0.2560577360878469

0 0.25609226184928513

0 0.25609226184928513

0 0.2560577360878469

0 0.2560543511338393

0 0.25609226184928513

0 0.25609226184928513

0 0.2560543511338393

0 0.2560543511338393

0 0.25609226184928513

0 0.25609226184928513

0 0.25609226184928513

0 0.2560577360878469

1 0.25609564591511985

0 0.2560577360878469

0 0.25609226184928513

0 0.2560577360878469

1 0.25609564591511985

0 0.25609226184928513

0 0.2560543511338393

1 0.25609564591511985

0 0.2560577360878469

0 0.2560577360878469

0 0.2560577360878469

0 0.2560577360878469

0 0.2560577360878469

0 0.25609226184928513

0 0.25609226184928513

0 0.2560577360878469

0 0.2560577360878469

0 0.25609226184928513

0 0.25609226184928513

0 0.2560543511338393

0 0.25609226184928513

0 0.2560577360878469

0 0.25609226184928513

0 0.2560577360878469

0 0.2560577360878469

0 0.2560577360878469

0 0.2560543511338393

0 0.25609226184928513

0 0.25609226184928513

1 0.25609564591511985

0 0.2560543511338393

0 0.2560543511338393

0 0.25609226184928513

0 0.25609226184928513

0 0.2560577360878469

0 0.25609226184928513

0 0.25609226184928513

0 0.2560577360878469

0 0.25609226184928513

1 0.25609564591511985

0 0.25609226184928513

0 0.2560543511338393

0 0.25609226184928513

0 0.2560543511338393

0 0.2560543511338393

0 0.25609226184928513

0 0.25609226184928513

0 0.25609226184928513

0 0.25609226184928513

1 0.25609564591511985

0 0.2560543511338393

0 0.2560577360878469

0 0.2560543511338393

1 0.25609564591511985

0 0.2560543511338393

0 0.2560577360878469

0 0.25609226184928513

0 0.2560577360878469

0 0.2560543511338393

0 0.25609226184928513

0 0.2560543511338393

0 0.2560543511338393

1 0.25609564591511985

0 0.25609226184928513

1 0.25609564591511985

